-168.85042158516023 2.3468337455696134E-5 1.0278815588099082 -1.7445972628353428E-4 7.517831432538228E-5
-168.1908496258432 2.531051213728897E-5 0.9978649063694373 -1.7875283719683046E-4 8.34755423636238E-5
-167.53127766652617 2.6841587848803705E-5 0.9646607353444578 -1.8112470801850768E-4 9.202697828023708E-5
-166.87170570720914 2.8039628559405063E-5 0.9279964949760484 -1.8155050361923856E-4 1.0078096445656623E-4
-166.2121337478921 2.8902848408717322E-5 0.8876011989111234 -1.8004138972799218E-4 1.0968083477504899E-4
-165.55256178857508 2.944884773967172E-5 0.8432234442597809 -1.7664354182703022E-4 1.1866527045227702E-4
-164.89298982925803 2.9712438859318074E-5 0.7946552785286054 -1.7143628909431174E-4 1.2766878291103656E-4
-164.233417869941 2.974227688769724E-5 0.7417623589877433 -1.6452945853230195E-4 1.3662232418476682E-4
-163.573845910624 2.959660493010383E-5 0.6845195206747822 -1.5606000693533362E-4 1.4545402103039975E-4
-162.91427395130694 2.9338486210534574E-5 0.6230487976692556 -1.4618804795848875E-4 1.5409002446848988E-4
-162.25470199198992 2.903092386782143E-5 0.5576542951965502 -1.3509239766905596E-4 1.6245546203865364E-4
-161.59513003267287 2.8732260588369014E-5 0.48884577849516464 -1.229657741141678E-4 1.7047547582567062E-4
-160.93555807335585 2.8492207488735033E-5 0.4173417081037043 -1.1000979428131372E-4 1.7807632544498213E-4
-160.27598611403883 2.8348780256370148E-5 0.3440442015164692 -9.642991516138597E-5 1.8518653183721963E-4
-159.61641415472178 2.832632861808864E-5 0.2699838018602604 -8.243046439086624E-5 1.9173803505404119E-4
-158.95684219540476 2.843474242276913E-5 0.19623995759004065 -6.820990024409364E-5 1.976673373469505E-4
-158.2972702360877 2.8669814196683066E-5 0.12385075114894806 -5.395643080344261E-5 2.0291660189342955E-4
-157.6376982767707 2.90146435980207E-5 0.05372905638535708 -3.9844108325896986E-5 2.0743467747875438E-4
-156.97812631745364 2.9441891889962534E-5 -0.013399933067925307 -2.6029497639783057E-5 2.1117802042836382E-4
-156.31855435813662 2.9916640248398575E-5 -0.07703180390606135 -1.2648997441852598E-5 2.141114870528458E-4
-155.6589823988196 3.039957759736887E-5 -0.13688690655499047 1.8312869965866893E-7 2.1620897278411448E-4
-154.99941043950255 3.085024206465789E-5 -0.19289169632298164 1.2375978255503045E-5 2.1745387797164004E-4
-154.33983848018553 3.1230062762009346E-5 -0.24514653095462702 2.3862483191191407E-5 2.1783938486160407E-4
-153.68026652086849 3.1504990916295316E-5 -0.29388845579120515 3.4599145414589155E-5 2.1736853545900077E-4
-153.02069456155147 3.1647565377424535E-5 -0.3394551656044602 4.456507151298661E-5 2.1605410560715375E-4
-152.36112260223442 3.163832042320429E-5 -0.3822536081345711 5.376036523891036E-5 2.1391827652458424E-4
-151.7015506429174 3.1466506835104424E-5 -0.4227344369335293 6.220395501741735E-5 2.1099211101631245E-4
-151.04197868360038 3.113015446427708E-5 -0.46137201866436595 6.993094963949119E-5 2.0731484741971917E-4
-150.38240672428333 3.063555131214735E-5 -0.4986488931472608 7.698962780925474E-5 2.0293302984977E-4
-149.7228347649663 2.999624757642977E-5 -0.5350432823428135 8.34381759775044E-5 1.978994982791114E-4
-149.06326280564926 2.9231712043201844E-5 -0.5710182583303332 8.934129370137215E-5 1.9227226624619095E-4
-148.40369084633224 2.8365773236678595E-5 -0.6070113773722388 9.47667865347756E-5 1.86113317372924E-4
-147.7441188870152 2.7424970886853742E-5 -0.6434238963506895 9.978226322831519E-5 1.794873542654586E-4
-147.08454692769817 2.643692753750437E-5 -0.6806090841831685 1.0445204698370063E-4 1.724605346747874E-4
-146.42497496838115 2.5428828959874754E-5 -0.7188596216920027 1.0883439997558592E-4 1.6509922995319867E-4
-145.7654030090641 2.4426078889117897E-5 -0.7583946424038255 1.1297914674236387E-4 1.574688398437787E-4
-145.10583104974708 2.345117141083693E-5 -0.799347566834925 1.1692576587562192E-4 1.4963269551058662E-4
-144.44625909043003 2.2522805242687842E-5 -0.8417564340777537 1.2070200129895692E-4 1.4165107952441412E-4
-143.786687131113 2.1655249361063928E-5 -0.8855587880283702 1.2432302497323542E-4 1.3358038737042171E-4
-143.127115171796 2.0857959117633595E-5 -0.9305931487077179 1.2779116278115006E-4 1.2547245008093442E-4
-142.46754321247894 2.0135435539091073E-5 -0.9766085415005403 1.3109617532418465E-4 1.1737403199179793E-4
-141.80797125316192 1.9487316683656537E-5 -1.0232824447737683 1.3421606608990982E-4 1.0932651157026205E-4
-141.14839929384488 1.8908687249772545E-5 -1.0702460283998 1.371183715606279E-4 1.0136574697988398E-4
-140.48882733452785 1.839058966926574E-5 -1.1171140716766093 1.3976187192018248E-4 9.352212175643682E-5
-139.8292553752108 1.7920715596843664E-5 -1.163515931080241 1.420986475821242E-4 8.58207598925917E-5
-139.1696834158938 1.7484250520929743E-5 -1.2091237253145855 1.440763962219878E-4 7.828189398529393E-5
-138.51011145657677 1.706483631920809E-5 -1.2536745859201812 1.456409176566788E-4 7.092136509068074E-5
-137.85053949725972 1.6645607753758087E-5 -1.2969851406844428 1.467386699656E-4 6.375122873661394E-5
-137.1909675379427 1.621025043242405E-5 -1.3389579165409724 1.4731929976275832E-4 5.6780438312784365E-5
-136.53139557862565 1.574402121531999E-5 -1.3795806373981396 1.4733805245632873E-4 5.001557490816844E-5
-135.87182361930863 1.5234668975803022E-5 -1.4189201843844177 1.4675797450570027E-4 4.346159167121635E-5
-135.21225165999158 1.4673195306311417E-5 -1.4571132292851925 1.4555182882845802E-4 3.712254096284638E-5
-134.55267970067456 1.405440193523549E-5 -1.4943553569549037 1.4370365624755957E-4 3.100225394591575E-5
-133.89310774135754 1.3377184338575922E-5 -1.530890038312682 1.4120992974244584E-4 2.5104944752909628E-5
-133.2335357820405 1.264454857537378E-5 -1.5669982691819782 1.3808026375340505E-4 1.9435714900691247E-5
-132.57396382272347 1.1863349320028114E-5 -1.6029891648310148 1.3433765731355715E-4 1.4000938042999987E-5
-131.91439186340642 1.104376941986018E-5 -1.6391913493192505 1.3001826675009565E-4 8.808510300269386E-6
-131.2548199040894 1.0198582765595366E-5 -1.6759446126301618 1.2517072050193114E-4 3.867957087704204E-6
-130.59524794477238 9.3422604926352E-6 -1.7135910160861434 1.1985500465866645E-4 -8.096066389443133E-7
-129.93567598545533 8.489993475704456E-6 -1.7524643978963559 1.1414096258417749E-4 -5.211659711665183E-6
-129.2761040261383 7.656710232344524E-6 -1.7928770768729694 1.081064649528277E-4 -9.324592695967005E-6
-128.61653206682126 6.8561679581748874E-6 -1.8351025224143658 1.0183531727230656E-4 -1.3134145915523225E-5
-127.95696010750424 6.100185585519611E-6 -1.8793529530034452 9.541498015689268E-5 -1.662594801341398E-5
-127.29738814818721 5.39807244837108E-6 -1.9257513955679528 8.89341830047127E-5 -1.978613127325654E-5
-126.63781618887018 4.756286052649555E-6 -1.9742988571702356 8.248051418339067E-5 -2.2601996620170402E-5
-125.97824422955314 4.1783298233821336E-6 -2.024839036028352 7.61380703053201E-5 -2.5062698976563436E-5
-125.3186722702361 3.6648790168700498E-6 -2.0770253148969333 6.998524374945338E-5 -2.715992254817867E-5
-124.65910031091907 3.214102682740142E-6 -2.1302971075832984 6.409272143184387E-5 -2.8888515706294822E-5
-123.99952835160205 2.822133731190177E-6 -2.1838739453389113 5.852175921107756E-5 -3.0247056410942334E-5
-123.33995639228502 2.483629308964156E-6 -2.2367747251662706 5.332278558308895E-5 -3.1238321542368836E-5
-122.68038443296798 2.192360565373134E-6 -2.287865491670641 4.853437589240926E-5 -3.186963698382394E-5
-122.02081247365095 1.941774430271198E-6 -2.33593254765273 4.418262463271337E-5 -3.2153089699001484E-5
-121.36124051433391 1.725479384714378E-6 -2.3797708530573214 4.0280929035005536E-5 -3.210558820684845E-5
-120.70166855501688 1.5376208964828542E-6 -2.4182736502446236 3.683018256904023E-5 -3.174876358130339E-5
-120.04209659569986 1.373128303378433E-6 -2.4505100673394544 3.3819362733326966E-5 -3.110870917704865E-5
-119.38252463638283 1.2278313750053127E-6 -2.475782645203819 3.122648408060833E-5 -3.02155634751513E-5
-118.72295267706579 1.0984595867500573E-6 -2.4936636334922984 2.9019875281840104E-5 -2.9102946518543112E-5
-118.06338071774876 9.825486601954717E-7 -2.5040143329549647 2.7159728579326006E-5 -2.7807266135645277E-5
-117.40380875843172 8.782860563535496E-7 -2.506993790740567 2.559986156046006E-5 -2.636691531121856E-5
-116.74423679911469 7.843293866145356E-7 -2.5030617179982215 2.4289625058516116E-5 -2.4821386458789268E-5
-116.08466483979765 6.996293259365786E-7 -2.492976956576509 2.3175887332596622E-5 -2.3210331808067983E-5
-115.42509288048063 6.232823594862227E-7 -2.4777891633652205 2.2205023578420827E-5 -2.1572601508762913E-5
-114.7655209211636 5.544298014023322E-7 -2.458819543793455 2.1324841267200783E-5 -1.99452922733593E-5
-114.10594896184656 4.922094787035993E-7 -2.4376277562807838 2.0486375700809408E-5 -1.8362839384737726E-5
-113.44637700252953 4.3575679494650796E-7 -2.41596661331511 1.9645496323130936E-5 -1.68561836736661E-5
-112.7868050432125 3.8424392138004636E-7 -2.3957324357527154 1.8764272475638015E-5 -1.545204266726177E-5
-112.12723308389546 3.369406024624367E-7 -2.378924204962579 1.7812057100089195E-5 -1.4172311607297451E-5
-111.46766112457844 2.9327803681915086E-7 -2.3676263767973076 1.6766257987821175E-5 -1.3033615563840918E-5
-110.8080891652614 2.5289852402173146E-7 -2.3640270237218965 1.561277813035379E-5 -1.2047028588869561E-5
-110.14851720594437 2.1567759300111106E-7 -2.3704747253047564 1.4346119092157722E-5 -1.1217969961108428E-5
-109.48894524662734 1.8171130801041153E-7 -2.389563410164114 1.2969153650335142E-5 -1.0546281285404867E-5
-108.8293732873103 1.5126830444837585E-7 -2.424209058460562 1.1492585782546926E-5 -1.002648176155794E-5
-108.16980132799327 1.2471269619670069E-7 -2.4776337721105417 9.93412701598584E-6 -9.648192568424897E-6
-107.51022936867625 1.0240928236619834E-7 -2.553087181652156 8.317427797207953E-6 -9.396715257628488E-6
-106.85065740935921 8.462568381497506E-8 -2.6530321888386768 6.670810580612978E-6 -9.2537435431947E-6
-106.19108545004218 7.144673669220979E-8 -2.7775599582940913 5.025857500589851E-6 -9.19818311548645E-6
-105.53151349072515 6.271464467295082E-8 -2.9223643748478647 3.4159096009824094E-6 -9.20705027805747E-6
-104.87194153140811 5.800441574976041E-8 -3.0778226923355687 1.8745365342325357E-6 -9.256417448546058E-6
-104.21236957209108 5.6638672340490426E-8 -3.2311076888169046 4.34035382751699E-7 -9.322371982493327E-6
-103.55279761277404 5.7739914084955365E-8 -3.370731802217162 -8.759851534242105E-7 -9.381954432327028E-6
-102.89322565345702 6.031267853010214E-8 -3.490004032092144 -2.029883385949423E-6 -9.41404325457646E-6
-102.23365369413999 6.334364687889685E-8 -3.5872419842524703 -3.0070805154273376E-6 -9.400155093828915E-6
-101.57408173482295 6.590522749573279E-8 -3.6639386340285762 -3.7929359916562946E-6 -9.325133021327734E-6
-100.91450977550592 6.724786200094296E-8 -3.7228544450850416 -4.3793736378734484E-6 -9.177699367773343E-6
-100.25493781618889 6.686823382704559E-8 -3.766845953728093 -4.765239751966727E-6 -8.950854902327404E-6
-99.59536585687185 6.454437713777879E-8 -3.798350460150144 -4.956384834201934E-6 -8.642111881054147E-6
-98.93579389755483 6.033376925428923E-8 -3.819239501265434 -4.965471138221823E-6 -8.253554699764507E-6
-98.2762219382378 5.453605029723454E-8 -3.830832163478025 -4.811518508833514E-6 -7.79172830493464E-6
-97.61664997892076 4.7627204715079116E-8 -3.8339637199343697 -4.519210581536163E-6 -7.267360899518486E-6
-96.95707801960373 4.01760904707465E-8 -3.829074402809087 -4.117992031253651E-6 -6.694933588474006E-6
-96.2975060602867 3.2756530430591504E-8 -3.816327434680269 -3.640994868675661E-6 -6.092115211242157E-6
-95.63793410096966 2.586847464637928E-8 -3.7958056143404013 -3.1238375437185164E-6 -5.479085495781531E-6
-94.97836214165264 1.9879999720933336E-8 -3.76788757188442 -2.6033446380298465E-6 -4.877773657447064E-6
-94.3187901823356 1.499843374114129E-8 -3.733963671757148 -2.1162370918764353E-6 -4.311042508463637E-6
-93.65921822301857 1.1274235549307558E-8 -3.6976416317444416 -1.6978431640299324E-6 -3.8018499309304935E-6
-92.99964626370154 8.636132738284923E-9 -3.6662693305670295 -1.3808786877563687E-6 -3.372420135061967E-6
-92.3400743043845 6.951205288726807E-9 -3.6515955594281975 -1.194341750976194E-6 -3.0434564566333195E-6
-91.68050234506747 6.099801874184936E-9 -3.6669888093801664 -1.1625618501085278E-6 -2.8334255744218555E-6
-91.02093038575043 6.05293974569617E-9 -3.7194274945918266 -1.3044370578413068E-6 -2.757940025719169E-6
-90.36135842643341 6.939471793374477E-9 -3.8010749107608133 -1.6328850691915957E-6 -2.8292618861302315E-6
-89.70178646711638 9.091830322263566E-9 -3.891724669274284 -2.154525449347456E-6 -3.0559456173719652E-6
-89.04221450779934 1.3062323076101629E-8 -3.972497828867053 -2.869601332123213E-6 -3.442632565438905E-6
-88.38264254848231 1.960627592411951E-8 -4.034970576562686 -3.772139553926595E-6 -3.9900036278577425E-6
-87.72307058916527 2.963314426186929E-8 -4.0793147678216215 -4.850339103300226E-6 -4.6948904376364365E-6
-87.06349862984824 4.413134855476275E-8 -4.10910938686932 -6.087169156259478E-6 -5.550539273802117E-6
-86.40392667053122 6.407637086625741E-8 -4.128195558145145 -7.461150167948715E-6 -6.547016046076916E-6
-85.74435471121419 9.033406090362226E-8 -4.139632926726056 -8.947284780858598E-6 -7.671735343453876E-6
-85.08478275189715 1.235718357148824E-7 -4.145609241336882 -1.0518099925486119E-5 -8.91009189422319E-6
-84.42521079258012 1.6418945990090926E-7 -4.147621147245673 -1.2144757614745283E-5 -1.0246169040585914E-5
-83.76563883326308 2.1227855615033164E-7 -4.146674555380408 -1.379818969501779E-5 -1.1663496132364482E-5
-83.10606687394605 2.6761632529610103E-7 -4.14344107693187 -1.5450211277798617E-5 -1.3145825197160995E-5
-82.44649491462901 3.2969470334759765E-7 -4.138367736783991 -1.70745687387191E-5 -1.4677896911772571E-5
-81.786922955312 3.9778196193857516E-7 -4.131751107260387 -1.8647880970480017E-5 -1.6246166792318916E-5
-81.12735099599496 4.710101475302787E-7 -4.123787083341378 -2.015043689390453E-5 -1.7839464605763512E-5
-80.46777903667792 5.484792155769811E-7 -4.114604683912628 -2.1566817888548388E-5 -1.944956319845835E-5
-79.80820707736089 6.293675304824472E-7 -4.104289549243781 -2.2886320578675884E-5 -2.1071637111056222E-5
-79.14863511804386 7.13038638408087E-7 -4.092900788439047 -2.4103163038777685E-5 -2.2704596334978256E-5
-78.48906315872682 7.9913573255202E-7 -4.080483436529239 -2.5216465675225273E-5 -2.4351286162359116E-5
-77.8294911994098 8.876576945706129E-7 -4.0670778278209845 -2.6230006487875566E-5 -2.601855005977739E-5
-77.16991924009277 9.790135678361942E-7 -4.052726534303475 -2.715175880398387E-5 -2.7717158610506096E-5
-76.51034728077573 1.0740553132319257E-6 -4.0374790681937185 -2.799322759638901E-5 -2.9461613564639174E-5
-75.8507753214587 1.1740912715235076E-6 -4.021394269176456 -2.8768607857415437E-5 -3.126984165852302E-5
-75.19120336214166 1.2808845760318184E-6 -4.0045401855562 -2.9493794933134777E-5 -3.316279787040298E-5
-74.53163140282463 1.396641658473329E-6 -3.986991321088354 -3.018528200137182E-5 -3.5164001946287726E-5
-73.8720594435076 1.5239959911330023E-6 -3.968823348228703 -3.085898381652334E-5 -3.729903516436782E-5
-73.21248748419058 1.665991512067546E-6 -3.950105740790131 -3.1529028311560984E-5 -3.9595026251400924E-5
-72.55291552487354 1.8260691303834262E-6 -3.930893167831691 -3.220655856371026E-5 -4.208015600594667E-5
-71.8933435655565 2.0080587282547533E-6 -3.911216800350741 -3.289858697491705E-5 -4.478320945601865E-5
-71.23377160623947 2.216178589738631E-6 -3.8910768047246647 -3.3606941326569044E-5 -4.7733202266733546E-5
-70.57419964692244 2.4550445425063442E-6 -3.870437174723329 -3.432733873405782E-5 -5.095910465562532E-5
-69.9146276876054 2.729692503233873E-6 -3.8492237092251846 -3.504861859362099E-5 -5.448968135786347E-5
-69.25505572828838 3.0456205887678047E-6 -3.8273254710706563 -3.5752159573391785E-5 -5.835346035000717E-5
-68.59548376897135 3.4088603073068387E-6 -3.80459959448575 -3.6411498781960844E-5 -6.25788362718209E-5
-67.93591180965431 3.826090202292162E-6 -3.7808789581710007 -3.6992163712429444E-5 -6.719430700442197E-5
-67.27633985033728 4.304809167608033E-6 -3.755982065933983 -3.745171968903204E-5 -7.222883392289824E-5
-66.61676789102025 4.853589888923473E-6 -3.7297244659777435 -3.774002763089267E-5 -7.77123082202796E-5
-65.95719593170321 5.4824348931866366E-6 -3.7019311304149616 -3.7799699285461434E-5 -8.367609768727779E-5
-65.29762397238619 6.203257979562221E-6 -3.672449322497136 -3.7566729957697754E-5 -9.015364072361685E-5
-64.63805201306916 7.030511965385306E-6 -3.6411615221657527 -3.697128243272872E-5 -9.718104743927888E-5
-63.97848005375212 7.981979482426317E-6 -3.6079979121809806 -3.593859049573511E-5 -1.0479766174986018E-4
-63.31890809443509 9.079736946577117E-6 -3.572947741174806 -3.438994639018634E-5 -1.1304653362458628E-4
-62.65933613511805 1.0351292890467589E-5 -3.5360686189564197 -3.2243733879497824E-5 -1.2197474732106912E-4
-61.999764175801026 1.1830890784070886E-5 -3.4974925529453644 -2.941646739277714E-5 -1.3163354970704391E-4
-61.34019221648399 1.3560953500123452E-5 -3.457427426678504 -2.582379809671136E-5 -1.4207822275068714E-4
-60.68062025716696 1.559363191167282E-5 -3.4161527793191304 -2.1381449641101998E-5 -1.5336764602744366E-4
-60.02104829784993 1.799240387628144E-5 -3.3740092505580126 -1.6006049722383256E-5 -1.655634986624495E-4
-59.361476338532896 2.083365213115636E-5 -3.33138188956723 -9.615828390560016E-6 -1.787290554653369E-4
-58.70190437921586 2.4208130430920224E-5 -3.2886785397781724 -2.1311600373673237E-6 -1.9292753902918833E-4
-58.04233241989883 2.822220670196719E-5 -3.2463054446085877 6.525066950363141E-6 -2.0821999811654394E-4
-57.3827604605818 3.2998750367694525E-5 -3.2046427903906505 1.6427261040379464E-5 -2.2466269255692542E-4
-56.723188501264765 3.867750900946703E-5 -3.1640229207875796 2.764711868885694E-5 -2.423039759053662E-4
-56.06361654194773 4.541479845335267E-5 -3.1247134087323687 4.025378689388379E-5 -2.6118067900243676E-4
-55.4040445826307 5.338231228324146E-5 -3.0869062279127917 5.431417969341198E-5 -2.8131401004865745E-4
-54.74447262331367 6.276484469200254E-5 -3.0507132029441415 6.989342285030279E-5 -3.0270499956306437E-4
-54.084900663996635 7.375671853639524E-5 -3.0161670041420896 8.705539330120424E-5 -3.253295313305624E-4
-53.42532870467961 8.65567235133687E-5 -2.9832263589422077 1.0586331316618214E-4 -3.491330128541427E-4
-52.76575674536257 1.0136140344968365E-4 -2.9517839182904266 1.263803524693594E-4 -3.7402475062397626E-4
-52.10618478604554 1.1835659330917257E-4 -2.9216752808312867 1.4867019042060322E-4 -3.9987210642458194E-4
-51.44661282672851 1.3770720236039506E-4 -2.8926879286902265 1.7279748233162717E-4 -4.2649452067724337E-4
-50.78704086741148 1.595453763302947E-4 -2.8645691535204714 1.9882817811845495E-4 -4.536574972458383E-4
-50.12746890809444 1.8395735360224834E-4 -2.8370323659196943 2.2682963896370872E-4 -4.810666510415929E-4
-49.467896948777415 2.1096956219647192E-4 -2.8097614374361974 2.5687050111170354E-4 -5.083619250122088E-4
-48.80832498946038 2.405347865744279E-4 -2.7824129055584734 2.890202399357279E-4 -5.351120865965936E-4
-48.14875303014335 2.725195643363712E-4 -2.754615982874208 3.2334839328629686E-4 -5.608096154169006E-4
-47.48918107082632 3.0669434709451555E-4 -2.7259703685374266 3.5992341059357336E-4 -5.848660938511474E-4
-46.829609111509285 3.4272836762722796E-4 -2.69604188636087 3.988111031016703E-4 -6.066082102091768E-4
-46.17003715219225 3.8019158303428995E-4 -2.6643559978391984 4.4007268076528704E-4 -6.252744805807663E-4
-45.510465192875216 4.185664929929627E-4 -2.630389297943892 4.8376237251116525E-4 -6.400127901280068E-4
-44.85089323355819 4.5727304140454907E-4 -2.593559252071861 5.299246385038048E-4 -6.498788477657526E-4
-44.191321274241155 4.957101733798039E-4 -2.553212761624568 5.785909954777985E-4 -6.538356399481197E-4
-43.53174931492412 5.333179096848211E-4 -2.5086147934809926 6.297764888170337E-4 -6.507539597969767E-4
-42.87217735560709 5.696639878899798E-4 -2.4589394911715123 6.83475857572716E-4 -6.394140772232042E-4
-42.21260539629006 6.045591735190096E-4 -2.4032682047296996 7.396594507186469E-4 -6.185086041525666E-4
-41.553033436973024 6.382052363275454E-4 -2.34060206595907 7.982689643478305E-4 -5.866465966261873E-4
-40.893461477656 6.713792895296274E-4 -2.2699012223321997 8.592130799393796E-4 -5.423589225395338E-4
-40.23388951833896 7.05657680062334E-4 -2.1901678846331922 9.223630930038728E-4 -4.8410491024905746E-4
-39.57431755902193 7.436818775854539E-4 -2.1005929851910796 9.875486291126814E-4 -4.1028027932603415E-4
-38.9147455997049 7.894678269606743E-4 -2.0007795252510157 0.001054553550318846 -3.192263404871723E-4
-38.255173640387866 8.4875899910468E-4 -1.8910286826877842 0.0011231121591080034 -2.092404372722668E-4
-37.59560168107083 9.294219026571788E-4 -1.7726202980424726 0.0011929058091329759 -7.858758746120922E-5
-36.9360297217538 0.001041881117669865 -1.6479544823794534 0.0012635600319808123 7.448673239677568E-5
-36.27645776243677 0.0011995890065543535 -1.520404732030989 0.0013346422870283779 2.517427305506901E-4
-35.616885803119736 0.0014195231815755736 -1.3938326380915262 0.0014056604370363665 4.549314573905176E-4
-34.9573138438027 0.0017227026079026796 -1.271907136615192 0.0014760620455231278 6.857790765155195E-4
-34.297741884485674 0.0021347109531335965 -1.1575048805811534 0.0015452345832018886 9.45970363464628E-4
-33.63816992516864 0.0026862135252190868 -1.0524112640769483 0.001612506619946354 0.0012371315596375078
-32.978597965851606 0.003413451947406117 -0.9573518019190286 0.0016771500659968242 0.0015608127220139922
-32.31902600653458 0.004358698686216083 -0.8722316011223017 0.0017383835115912015 0.0019184697217016278
-31.659454047217544 0.005570651768372974 -0.7964318429101067 0.0017953766980955453 0.002311446055946162
-30.999882087900513 0.007104748591397848 -0.7290653125640776 0.0018472561362371325 0.0027409546488414587
-30.34031012858348 0.009023376748610675 -0.6691564626780506 0.001893111868457856 0.003208059825371876
-29.680738169266448 0.011395959349519369 -0.6157504414292554 0.0019320053529770023 0.003713659651385864
-29.021166209949413 0.014298892513014666 -0.5679696609688452 0.001962978427171218 0.004258468838403988
-28.361594250632383 0.01781531362619016 -0.5250367829453904 0.001985063287651934 0.004843002416558396
-27.70202229131535 0.022034680665094012 -0.4862784358686989 0.0019972934042667254 0.005467560381204197
-27.042450331998317 0.027052145416045312 -0.451119056336702 0.0019987152654987253 0.006132213518594722
-26.382878372681287 0.03296770684511756 -0.41907046175070106 0.001988400833720505 0.006836790613254234
-25.723306413364256 0.03988513513938553 -0.3897202520546992 0.001965460570808833 0.00758086723411415
-25.06373445404722 0.04791066205570209 -0.3627206115870405 0.0019290568780736983 0.008363756287945225
-24.40416249473019 0.05715143909585478 -0.3377782102388125 0.001878417779619419 0.009184500516999396
-23.74459053541316 0.06771377157939092 -0.31464543260989575 0.0018128506654441268 0.010041867103015434
-23.085018576096125 0.07970114376851906 -0.2931129265173942 0.0017317559000852333 0.01093434452183851
-22.425446616779094 0.09321205763861763 -0.27300335457788183 0.0016346400946964125 0.011860141771931584
-21.76587465746206 0.10833771547482711 -0.25416619402977325 0.0015211288353329715 0.012817190076157094
-21.10630269814503 0.12515958397302762 -0.23647342620200296 0.0013909786581280045 0.013803147129608746
-20.446730738828 0.14374688467269833 -0.2198159692861752 0.0012440880631254044 0.01481540393727215
-19.787158779510964 0.1641540620760483 -0.2041007263928778 0.00108050736291583 0.015851094254272776
-19.127586820193933 0.18641828643396555 -0.18924814025672498 9.004471699717209E-4 0.016907106608874053
-18.4680148608769 0.21055705263293073 -0.1751901640633331 7.042853377135732E-4 0.017980098854742384
-17.808442901559868 0.2365659396440042 -0.16186857378286224 4.925721848305298E-4 0.019066515164861884
-17.148870942242837 0.2644165963716098 -0.14923356090113615 2.6603385012772727E-4 0.02016260534548376
-16.489298982925803 0.2940550192838989 -0.13724255567003674 2.5573646031537287E-5 0.021264446315274806
-15.829727023608772 0.3254001847885268 -0.12585924022012174 -2.277286973616884E-4 0.022367965563052955
-15.17015506429174 0.35834309486986815 -0.11505271839267928 -4.92619979425476E-4 0.02346896636782054
-14.510583104974707 0.39274628802738915 -0.10479681524555451 -7.676787203833064E-4 0.024563154537872868
-13.851011145657676 0.42844385912483307 -0.09506948412474969 -0.001051322619379606 0.025646166402169213
-13.191439186340643 0.4652420215263131 -0.08585230319096704 -0.0013418182696060981 0.026713597767458606
-12.53186722702361 0.5029202330820026 -0.07713004652907718 -0.0016372930877457152 0.027761033539325065
-11.87229526770658 0.5412328944256242 -0.06889031759734698 -0.0019357493813940403 0.028784077694749784
-11.212723308389547 0.5799116140115937 -0.06112323491251703 -0.002235080444551776 0.02977838328826682
-10.553151349072515 0.6186680197545862 -0.05382116161293271 -0.002533088538315002 0.030739682173495438
-9.893579389755482 0.6571970824773433 -0.04697847197246374 -0.00282750458208825 0.03166381412682217
-9.23400743043845 0.6951809020832248 -0.04059134911458573 -0.0031160093505817215 0.032546755070217905
-8.574435471121419 0.7322928939108513 -0.03465760914842142 -0.003396255944078614 0.033384644105416854
-7.914863511804386 0.7682023005479051 -0.029176547755998206 -0.003665893274512688 0.034173809091648515
-7.255291552487353 0.8025789438963331 -0.02414880593439639 -0.003922590288269346 0.0349107905233687
-6.595719593170322 0.8350981238608575 -0.019576252162979202 -0.004164060628776076 0.03559236349245176
-5.93614763385329 0.8654455639826668 -0.015461878745053559 -0.004388087428270349 0.03621555755045246
-5.276575674536257 0.8933223008917331 -0.011809710481371027 -0.004592547908962376 0.03677767432012248
-4.617003715219225 0.9184494137507447 -0.0086247241832198 -0.004775437469398116 0.03727630274060602
-3.957431755902193 0.9405724919676028 -0.005912777836055483 -0.004934892932357224 0.0377093318668428
-3.297859796585161 0.9594657443250395 -0.003680548489532809 -0.005069214636175344 0.03807496117985621
-2.6382878372681287 0.9749356601870621 -0.0019354781832947587 -0.005176887061969149 0.03837170839998904
-1.9787158779510965 0.9868241433774227 -6.857274259468582E-4 -0.005256597704766736 0.038598414828986245
-1.3191439186340643 0.9950110513915206 5.986406818414558E-5 -0.005307253916830856 0.03875424827838487
-0.6595719593170322 0.9994160864385655 2.9180950958940244E-4 -0.00532799747623021 0.03883870367029574
0.0 1.0 0.0 -0.005318216662614289 0.038851601421783954
0.6595719593170322 0.9967650886786791 -8.262778421850303E-4 -0.005277555654738253 0.038793083745214604
1.3191439186340643 0.9897549756244646 -0.0021983319107439225 -0.005205921100067412 0.03866360901378581
1.9787158779510965 0.9790536882737301 -0.0041280627375299694 -0.005103485745182725 0.038463944353814006
2.6382878372681287 0.9647840590621799 -0.0066279702817464425 -0.004970689056110559 0.0381951566330862
3.297859796585161 0.9471054907192757 -0.009711170068332775 -0.004808234799429027 0.03785860201781378
3.957431755902193 0.9262111413271013 -0.013391419477000843 -0.0046170855973912996 0.037455914269601265
4.617003715219225 0.9023245961797915 -0.017683155096710257 -0.004398454512642862 0.036988991948700464
5.276575674536257 0.8756961033291876 -0.022601542171420297 -0.0041537937597029475 0.03645998468108709
5.93614763385329 0.8465984573373557 -0.028162537272243604 -0.003884780680539291 0.035871278635104704
6.595719593170322 0.8153226210425406 -0.03438296543847086 -0.0035933011596372627 0.03522548133918512
7.255291552487353 0.7821731780248629 -0.04128061313503251 -0.0032814306893250256 0.034525405956149655
7.914863511804386 0.747463708950664 -0.04887433847562206 -0.0029514133282050325 0.03377405511253667
8.574435471121419 0.7115121831705628 -0.05718420025727 -0.002605638823846017 0.03297460436402004
9.23400743043845 0.6746364530016039 -0.06623160744051804 -0.002246618194979507 0.03213038536100054
9.893579389755482 0.6371499322501245 -0.07603949078511896 -0.0018769580879577964 0.03124486876256041
10.553151349072515 0.5993575329864007 -0.08663249840746112 -0.001499334236897228 0.030321646932803516
11.212723308389547 0.561551925656228 -0.09803721705300772 -0.001116464366560049 0.029364416441722167
11.87229526770658 0.5240101776215653 -0.1102824208606612 -7.310808815271703E-4 0.028376960383599492
12.53186722702361 0.4869908144856544 -0.12339934931631213 -3.4590368456966533E-4 0.027363130519933984
13.191439186340643 0.4507313373990879 -0.1374220159216859 3.638653857473082E-5 0.026326829251190637
13.851011145657676 0.41544621827195327 -0.15238754880339211 4.1317424141485196E-4 0.02527199142245339
14.510583104974707 0.38132538372178076 -0.16833656400230135 7.819338345542124E-4 0.024202565972246112
15.17015506429174 0.3485331879277906 -0.1853135714426264 0.0011402531074059888 0.023122497441251326
15.829727023608772 0.31720786456500866 -0.2033674124853675 0.0014858549855427926 0.022035707368100652
16.489298982925803 0.28746143884623754 -0.22255172639154663 0.001816617382496845 0.020946075612442324
17.148870942242837 0.2593800725555986 -0.24292544078423584 0.0021305909348935995 0.019857421660602274
17.808442901559868 0.23302480792586353 -0.2645532780800466 0.0024260144423652393 0.018773485985760063
18.4680148608769 0.20843267036719607 -0.287506265572012 0.002701327868191258 0.017697911551996504
19.127586820193933 0.1856180854373666 -0.3118622310246997 0.0029551827924822133 0.016634225569138496
19.787158779510964 0.16457456206210438 -0.3377062578465788 0.003186450246377072 0.015585821622297949
20.446730738828 0.14527659185164318 -0.3651310636150815 0.003394225892588766 0.014555942315656172
21.10630269814503 0.12768171337544837 -0.39423725237282237 0.0035778325541395914 0.013547662583681596
21.76587465746206 0.11173269039266505 -0.42513337411850216 0.003736820128734807 0.012563873833942306
22.425446616779094 0.09735975421647634 -0.45793570383125104 0.0038709629604125042 0.011607269093404995
23.085018576096125 0.08448286252934825 -0.4927676270679089 0.003980254772403154 0.010680329334117916
23.74459053541316 0.07301392996543854 -0.529758490206375 0.004064901295094864 0.009785311154070974
24.40416249473019 0.06285898953017227 -0.5690417425247065 0.004125310750244754 0.008924235984562146
25.06373445404722 0.053920248321197184 -0.610752168211276 0.004162082376766023 0.008098880986442
25.723306413364256 0.04609800592926324 -0.6550219857235511 0.004175993204276594 0.007310771784170569
26.382878372681287 0.039292409205795575 -0.7019755902475338 0.004167983297897595 0.006561177168845705
27.042450331998317 0.0334050226552346 -0.7517227476918809 0.004139139711379119 0.005851105879531689
27.70202229131535 0.028340199410448956 -0.8043501355361311 0.004090679395406951 0.005181305546734553
28.361594250632383 0.024006243443257084 -0.8599112889474771 0.004023931313869019 0.004552263853260844
29.021166209949413 0.020316359214946577 -0.9184152680414652 0.003940318022954622 0.003964211936576869
29.680738169266448 0.01718939025353528 -0.979814717474276 0.0038413369663013106 0.003417130023863933
30.34031012858348 0.014550353032870047 -1.0439944163571366 0.003728541734126666 0.0029107552570037973
30.999882087900513 0.012330776912560217 -1.1107618431668975 0.003603523525569603 0.0024445916305362962
31.659454047217544 0.010468864681584483 -1.179841583780053 0.0034678930415505942 0.002017921932026308
32.31902600653458 0.008909491355681951 -1.2508754325638984 0.003323263020617379 0.0016298215420773375
32.978597965851606 0.0076040612550478 -1.3234296317230239 0.003171231612786601 0.0012791739212140148
33.63816992516864 0.006510245004789795 -1.3970098075043846 0.0030133667666680996 9.646875837592067E-4
34.297741884485674 0.005591618952499972 -1.471082899915747 0.0028511917835415714 6.849143353047676E-4
34.9573138438027 0.004817229607909612 -1.545104031868845 0.0026861721689391284 4.382685309866219E-4
35.616885803119736 0.004161105126914891 -1.6185452165777916 0.0025197038880813644 2.2304709697712385E-4
36.27645776243677 0.0036017346572418505 -1.69092240346781 0.002353103106635882 3.7450047740782534E-5
36.9360297217538 0.0031215346260908047 -1.7618177521697638 0.002187597473134857 -1.2039877313046318E-4
37.59560168107083 0.0027063188867241547 -1.8308950674053406 0.0020243189744148177 -2.524310001990996E-4
38.255173640387866 0.0023447871664586282 -1.8979076829216404 0.0018642983710292146 -3.6061336763186616E-4
38.9147455997049 0.0020280435924992664 -1.962699357539521 0.001708461196114551 -4.4692790024572764E-4
39.57431755902193 0.0017491543327664142 -2.025199652013214 0.0015576252790222677 -5.133529142884197E-4
40.23388951833896 0.0015027506878657786 -2.0854156827899253 0.0014124997344874158 -5.618450485505131E-4
40.893461477656 0.0012846814077192706 -2.1434221522347467 0.00127368533948271 -5.943225231312993E-4
41.553033436973024 0.0010917156668243044 -2.199351280608246 0.0011416762034519023 -6.126497967689032E-4
42.21260539629006 9.212960821529488E-4 -2.253383875080366 0.0010168626235337274 -6.186237647591322E-4
42.87217735560709 7.713394439808459E-4 -2.305742394396159 8.995350048323199E-4 -6.139616088316205E-4
43.53174931492412 6.400814787684739E-4 -2.3566865848651037 7.898887168662921E-4 -6.002903786571412E-4
44.191321274241155 5.259609812896462E-4 -2.406512113531492 6.880297510869657E-4 -5.791383526556208E-4
44.85089323355819 4.275380293028991E-4 -2.455552624423934 5.939810407963933E-4 -5.519281941816876E-4
45.510465192875216 3.434407016144816E-4 -2.5041858080848938 5.076893038614271E-4 -5.199718886582092E-4
46.17003715219225 2.72334720632744E-4 -2.5528444352514343 4.2903227020741036E-4 -4.844674184404522E-4
46.829609111509285 2.1291068602094303E-4 -2.602033934844596 3.5782616003016924E-4 -4.4649710568143123E-4
47.48918107082632 1.6388400431234455E-4 -2.6523591391665953 2.938332847913273E-4 -4.070275297142509E-4
48.14875303014335 1.2400319624942713E-4 -2.7045645488762196 2.3676965112324667E-4 -3.6691090485799763E-4
48.80832498946038 9.206292657236491E-5 -2.759595392673928 1.8631245749765012E-4 -3.26887787383933E-4
49.467896948777415 6.691880159509468E-5 -2.8186918019798384 1.421073846105045E-4 -2.87590966839446E-4
50.12746890809444 4.750167594649431E-5 -2.883537282698052 1.0377559259180755E-4 -2.4955038711178595E-4
50.78704086741148 3.282986665609678E-5 -2.956498295548153 7.09203510364429E-5 -2.131989365128169E-4
51.44661282672851 2.2018263950511697E-5 -3.0410185454587575 4.313324114429044E-5 -1.7887894368197787E-4
52.10618478604554 1.4283835712195283E-5 -3.1422720572234226 1.999988263054831E-5 -1.4684921704998823E-4
52.76575674536257 8.947436531783456E-6 -3.2682106567149614 1.1051512118888139E-6 -1.1729246972156907E-4
53.42532870467961 5.432149798446197E-6 -3.4309987854495994 -1.3962134898727372E-5 -9.032297859569426E-5
54.084900663996635 3.2586154731808463E-6 -3.647741845096114 -2.5605069206476683E-5 -6.599433597302438E-5
54.74447262331367 2.0379349349134296E-6 -3.9352059155493384 -3.421505073266934E-5 -4.430716338871637E-5
55.4040445826307 1.4628087732745244E-6 -4.287840828735498 -4.016870661978686E-5 -2.5216670522444508E-5
56.06361654194773 1.2975668289454188E-6 -4.653779742278128 -4.382532445468231E-5 -8.639956330701468E-6
56.723188501264765 1.367706164077925E-6 -4.969461287481307 -4.5524768345526316E-5 5.537035417078883E-6
57.3827604605818 1.549475777493014E-6 -5.21407228724449 -4.5585847401897064E-5 1.7452978660465667E-5
58.04233241989883 1.759949537673733E-6 -5.400090829314362 -4.4305101375037776E-5 2.726510280468272E-5
58.70190437921586 1.947922169088736E-6 -5.545698564382786 -4.195596577684211E-5 3.514364803195716E-5
59.361476338532896 2.0858564214441104E-6 -5.6647781812353575 -3.8788277728209844E-5 4.1266866368548186E-5
60.02104829784993 2.163009901839374E-6 -5.76649052224771 -3.5028083969467695E-5 4.5816583588566025E-5
60.68062025716696 2.179782496835893E-6 -5.856689357514679 -3.087771374303042E-5 4.897432511909711E-5
61.34019221648399 2.143252961902885E-6 -5.939107493741566 -2.6516081451828008E-5 5.091799855011327E-5
61.999764175801026 2.0638175257192915E-6 -6.016111946005115 -2.209918690588951E-5 5.181911624110121E-5
62.65933613511805 1.9528042705053896E-6 -6.089154219297396 -1.7760784383507005E-5 5.184053389887641E-5
63.31890809443509 1.820913558225532E-6 -6.159037649074756 -1.3613195437250344E-5 5.1134674870889683E-5
63.97848005375212 1.6773250686652723E-6 -6.226081203524226 -9.748244158963574E-6 4.9842205208254626E-5
64.63805201306916 1.529313819703745E-6 -6.290227264304624 -6.238297282990551E-6 4.8091121216298884E-5
65.29762397238619 1.3822283494619905E-6 -6.351120847424249 -3.1373948749513015E-6 4.599620911447997E-5
65.95719593170321 1.2397015283037894E-6 -6.408174974810098 -4.824602697294847E-7 4.365883543302929E-5
66.61676789102025 1.1039858410334107E-6 -6.460628378712382 1.7054197346116277E-6 4.11670267320881E-5
67.27633985033728 9.763282805164533E-7 -6.5075961119755386 3.419651739359954E-6 3.8595797980223483E-5
67.93591180965431 8.573233773114739E-7 -6.54811065280079 4.666736007380868E-6 3.6007690316924896E-5
68.59548376897135 7.47204856204178E-7 -6.5811506762361125 5.464816223171748E-6 3.345348079495015E-5
69.25505572828838 6.460558197252628E-7 -6.60565654719433 5.8421853001872165E-6 3.097302891450142E-5
69.9146276876054 5.539334243044693E-7 -6.620535278250923 5.8357548698892005E-6 2.859622719705275E-5
70.57419964692244 4.709162854010127E-7 -6.624662770386541 5.489497707820923E-6 2.6344025597948746E-5
71.23377160623947 3.9709117991618446E-7 -6.6168975186354375 4.852874384268496E-6 2.422950213798322E-5
71.8933435655565 3.3250013681874015E-7 -6.596127561784499 3.979257720841294E-6 2.2258954683065352E-5
72.55291552487354 2.7707008262245244E-7 -6.5613799234971975 2.924371025913379E-6 2.043299127432846E-5
73.21248748419058 2.3054538754077358E-7 -6.5120236149886175 1.7447583965607128E-6 1.8747598786634817E-5
73.8720594435076 1.9243962879378512E-7 -6.448080389702148 4.963074384490265E-7 1.7195171964246527E-5
74.53163140282463 1.6201742063062318E-7 -6.370603250097937 -7.671536002582501E-7 1.5765487057191723E-5
75.19120336214166 1.383110520686547E-7 -6.28198746893975 -1.9951612124425873E-6 1.4446606377776188E-5
75.8507753214587 1.2017068520552984E-7 -6.185995540365487 -3.141801096000285E-6 1.3225702139277732E-5
76.51034728077573 1.0634167077929659E-7 -6.0873242790105175 -4.1667486990604655E-6 1.2089789953909688E-5
77.16991924009277 9.555866437186456E-8 -5.99078327380578 -5.036144161972926E-6 1.102636438222335E-5
77.8294911994098 8.664402701998344E-8 -5.900431005838792 -5.723282194254251E-6 1.002393096129717E-5
78.48906315872682 7.859761417978707E-8 -5.819051314213791 -6.209100547675223E-6 9.072431209724537E-6
79.14863511804386 7.066643216960628E-8 -5.748109304620057 -6.482454720028671E-6 8.163559216996231E-6
79.80820707736089 6.238550939480495E-8 -5.6880570762574525 -6.540171258500333E-6 7.2909705680382445E-6
80.46777903667792 5.358526508641026E-8 -5.63877425836856 -6.386877398655597E-6 6.450386511469871E-6
81.12735099599496 4.436512235361864E-8 -5.600003643210736 -6.034610613292103E-6 5.6395984237447665E-6
81.786922955312 3.503751702879267E-8 -5.571763914065901 -5.50221776387912E-6 4.858379709931044E-6
82.44649491462901 2.605023127533152E-8 -5.5548417188198 -4.814559734441252E-6 4.108314267418087E-6
83.10606687394605 1.7897651600121662E-8 -5.551650738231505 -4.001543456664961E-6 3.3925524652708466E-6
83.76563883326308 1.1032781662119196E-8 -5.568286542681579 -3.097008875459469E-6 2.715507201067796E-6
84.42521079258012 5.791485776794135E-9 -5.620794755864752 -2.1375034277951773E-6 2.0825039287790215E-6
85.08478275189715 2.338560466296235E-9 -5.760354405055245 -1.1609808010385272E-6 1.4993995501083766E-6
85.74435471121419 6.420894271847372E-10 -6.210947812957441 -2.0546390717950015E-7 9.721856766233363E-7
86.40392667053122 4.785594053364692E-10 -7.358292122290032 6.922860039493725E-7 5.065919621418754E-7
87.06349862984824 1.466940293799741E-9 -7.918248350562222 1.4980514922390553E-6 1.077049436896354E-7
87.72307058916527 3.1259436012399135E-9 -8.090710373367331 2.181350444861058E-6 -2.20382895642368E-7
88.38264254848231 4.945514868025437E-9 -8.163086220739121 2.7164972024116444E-6 -4.7488031664834926E-7
89.04221450779934 6.461723451984359E-9 -8.199191501216319 3.0834970595112515E-6 -6.545488704199121E-7
89.70178646711638 7.3238525432908084E-9 -8.218435812975626 3.2687427586112105E-6 -7.598889373127102E-7
90.36135842643341 7.343718921411452E-9 -8.228325804661102 3.2654876492451147E-6 -7.932527746313821E-7
91.02093038575043 6.51990085943713E-9 -8.232046730689053 3.0740772657912392E-6 -7.58879746416985E-7
91.68050234506747 5.0332573225289584E-9 -8.230595749321136 2.7019289681786862E-6 -6.628517579749322E-7
92.3400743043845 3.2143620546847046E-9 -8.22284956294836 2.1632577382375935E-6 -5.129698649258349E-7
92.99964626370154 1.48764874085336E-9 -8.202228623972278 1.4785549468245903E-6 -3.1855596884912554E-7
93.65921822301857 3.0056504557046266E-10 -8.123071130426906 6.738356027556724E-7 -9.018634398032474E-8
94.3187901823356 4.834720900790987E-11 -5.478409903402638 -2.2032204617818719E-7 1.6063364265768557E-7
94.97836214165264 1.0057985684611047E-9 -5.194493844652499 -1.1699129731837574E-6 4.2184195080614683E-7
95.63793410096966 3.2765474721369925E-9 -5.156781007713525 -2.1387795252901248E-6 6.812258590409052E-7
96.2975060602867 6.767777354020666E-9 -5.1398419618172095 -3.089979321121163E-6 9.268465419071486E-7
96.95707801960373 1.1194702108834452E-8 -5.128644332156626 -3.987198798547244E-6 1.1474663662400424E-6
97.61664997892076 1.611463113383244E-8 -5.119510373576043 -4.796161786584899E-6 1.3329627436255358E-6
98.2762219382378 2.0985976116491345E-8 -5.111035657863464 -5.485981694103123E-6 1.4747126812260928E-6
98.93579389755483 2.52436677442636E-8 -5.102490506102942 -6.030406945260528E-6 1.565933076705272E-6
99.59536585687185 2.837977480689699E-8 -5.093368670211887 -6.408912156067296E-6 1.6019632795819349E-6
100.25493781618889 3.0017087297821385E-8 -5.083209055871825 -6.6075921784575116E-6 1.5804784418249372E-6
100.91450977550592 2.996424242773152E-8 -5.071491696258637 -6.619822413962863E-6 1.5016246362836635E-6
101.57408173482295 2.8243569737674525E-8 -5.057540440444389 -6.446656530778183E-6 1.3680695439766339E-6
102.23365369413999 2.5086869622864973E-8 -5.040389849401692 -6.09694166168119E-6 1.1849655979479873E-6
102.89322565345702 2.089924929448834E-8 -5.018560120600769 -5.587141020754637E-6 9.598257066016538E-7
103.55279761277404 1.6196198715533906E-8 -4.989627137133613 -4.940864319936578E-6 7.023149420777845E-7
104.21236957209108 1.1523522447965722E-8 -4.94931560565669 -4.1881170274301104E-6 4.2396474417348775E-7
104.87194153140811 7.372840948929531E-9 -4.889371292176779 -3.364290008827523E-6 1.37819135969171E-7
105.53151349072515 4.106598821452341E-9 -4.7919011280735715 -2.508921044236697E-6 -1.4197494168033882E-7
106.19108545004218 1.9055915387395034E-9 -4.612205434495235 -1.6642687481328506E-6 -4.00618895885072E-7
106.85065740935921 7.489849360927906E-10 -4.228911643407003 -8.737471843869434E-7 -6.231394180419474E-7
107.51022936867625 4.3201602217292047E-10 -3.5006574668784083 -1.8027565722771527E-7 -7.948741040971125E-7
108.16980132799327 6.206771568318295E-10 -2.8832329159087005 3.753974919564989E-7 -9.019483531706981E-7
108.8293732873103 9.365478718837327E-10 -2.5957633742352497 7.563359403489577E-7 -9.317263777190556E-7
109.48894524662734 1.0594834014746957E-9 -2.4602418843339677 9.309600077578617E-7 -8.732200512565805E-7
110.14851720594437 8.319787935122078E-10 -2.3939298102617563 8.744356454310047E-7 -7.174408358282285E-7
110.8080891652614 3.47398492407571E-10 -2.3835000667285664 5.698528661690547E-7 -4.5768211701576043E-7
111.46766112457844 5.289381764817919E-12 -3.1760564946639525 9.145066502263639E-9 -8.972185180899204E-8
112.12723308389546 5.207005280369316E-10 -5.296998574106328 -8.062910218845702E-7 3.880615920750244E-7
112.7868050432125 2.8804357167281868E-9 -5.32993189382108 -1.8653050729125932E-6 9.746642708905429E-7
113.44637700252953 8.246719990308412E-9 -5.335436440971854 -3.1470516447609315E-6 1.666522624255976E-6
114.10594896184656 1.7816847112306227E-8 -5.337192494327572 -4.6214042104993015E-6 2.4576675678604143E-6
114.7655209211636 3.265482791272334E-8 -5.339230071173043 -6.249718786871449E-6 3.339960391416188E-6
115.42509288048063 5.351673749996262E-8 -5.342689166415363 -7.985928352971803E-6 4.3034010321755794E-6
116.08466483979765 8.069440913015902E-8 -5.348018068322633 -9.777936771712437E-6 5.3364965484633535E-6
116.74423679911469 1.1390172946341593E-7 -5.3554813886281005 -1.1569269283572343E-5 6.426675335530591E-6
117.40380875843172 1.522238861143628E-7 -5.3653164727698215 -1.3300926273167491E-5 7.560730897241663E-6
118.06338071774876 1.94142831842286E-7 -5.3777934944690555 -1.4913378319270269E-5 8.725277880920546E-6
118.72295267706579 2.3764276434578497E-7 -5.393245369025108 -1.6348633879001307E-5 9.907202643405322E-6
119.38252463638283 2.8038876672773106E-7 -5.412088140061179 -1.7552306615778696E-5 1.1094090863546051E-5
120.04209659569986 3.199613381203474E-7 -5.4348389141053355 -1.8475607567397656E-5 1.2274615641713559E-5
120.70166855501688 3.5412083890114964E-7 -5.4621332944043886 -1.9077188190675758E-5 1.343887109687442E-5
121.36124051433391 3.8107019051846454E-7 -5.4947412680944785 -1.932476384404698E-5 1.4578638626345428E-5
122.02081247365095 3.996824599119252E-7 -5.5335773037994285 -1.9196453416375034E-5 1.5687575650864098E-5
122.68038443296798 4.096626671453931E-7 -5.5796956809583165 -1.8681779420405773E-5 1.676131972527779E-5
123.33995639228502 4.1162012938549885E-7 -5.634254838116645 -1.7782283693040593E-5 1.7797504235819723E-5
123.99952835160205 4.0703813804077664E-7 -5.698424850238485 -1.6511726546742218E-5 1.8795685398581822E-5
124.65910031091907 3.9814047707372974E-7 -5.773203391288608 -1.4895851388638686E-5 1.9757183785879372E-5
125.3186722702361 3.876675797328217E-7 -5.859108730883346 -1.2971711995054442E-5 2.0684847000756794E-5
125.97824422955314 3.785871877794528E-7 -5.955755406704253 -1.0786575283257424E-5 2.1582743263656068E-5
126.63781618887018 3.7377351819628305E-7 -6.061411268901191 -8.396428013540128E-6 2.2455798446535E-5
127.29738814818721 3.756937961290655E-7 -6.172761897238049 -5.864130828615444E-6 2.3309391381214137E-5
127.95696010750424 3.861407677348869E-7 -6.28515149533424 -3.257276847486244E-6 2.4148923990535234E-5
128.61653206682126 4.06044338694061E-7 -6.393376686651783 -6.458241618564989E-7 2.497938387711204E-5
129.2761040261383 4.3538540279727615E-7 -6.492738096353736 1.9004184356805265E-6 2.5804917411376168E-5
129.93567598545533 4.732215161696428E-7 -6.579850433369399 4.314365732800246E-6 2.6628431073880283E-5
130.59524794477238 5.178191419213483E-7 -6.652905999748962 6.534199074987049E-6 2.7451237836402684E-5
131.2548199040894 5.668728244563387E-7 -6.711459188548676 8.505785275833264E-6 2.8272763751029708E-5
131.91439186340642 6.177799312715401E-7 -6.756000042994452 1.0184880475385986E-5 2.9090327718134637E-5
132.57396382272347 6.679322919697229E-7 -6.787546955562997 1.1539032984036903E-5 2.9899004708962457E-5
133.2335357820405 7.149843576096883E-7 -6.807361411839648 1.2549107318240032E-5 3.069157963049103E-5
133.89310774135754 7.5706180594649E-7 -6.8167924766831725 1.3210362738814543E-5 3.1458595659226244E-5
134.55267970067456 7.928843601260781E-7 -6.817219289895355 1.353303332749488E-5 3.2188497366099075E-5
135.21225165999158 8.217906501031657E-7 -6.810054545747115 1.3542372567893916E-5 3.286786544178251E-5
135.87182361930863 8.436692090492254E-7 -6.796778708431445 1.3278143034535006E-5 3.3481736445091785E-5
136.53139557862565 8.588157066043987E-7 -6.778982739454406 1.2793550568954118E-5 3.401399786595018E-5
137.1909675379427 8.677497268133596E-7 -6.758403684397524 1.2153641615631651E-5 3.444784603701193E-5
137.85053949725972 8.710325301251986E-7 -6.736943309822753 1.1433201551573822E-5 3.476629214793339E-5
138.51011145657677 8.69128661328291E-7 -6.716666177779829 1.0714210212969738E-5 3.495269989705127E-5
139.1696834158938 8.623482670496548E-7 -6.699779899086429 1.008292775365541E-5 3.4991337218665234E-5
139.8292553752108 8.508939497281246E-7 -6.688604872808256 9.626698854871292E-6 3.4867924086153176E-5
140.48882733452785 8.350174096140343E-7 -6.685540548712173 9.430575590398004E-6 3.457015862249954E-5
141.14839929384488 8.152694931883653E-7 -6.693027283687795 9.573868462355588E-6 3.408820463374737E-5
141.80797125316192 7.928057492354785E-7 -6.713485692530615 1.012674088036824E-5 3.341512517587077E-5
142.46754321247894 7.696916504707276E-7 -6.749190080408061 1.114696439145944E-5 3.254724880513443E-5
143.127115171796 7.491405304703631E-7 -6.8020066952134615 1.2676950130206027E-5 3.148445765987578E-5
143.786687131113 7.356155875543517E-7 -6.872925844283742 1.47411662276266E-5 3.0230389372783697E-5
144.44625909043003 7.347364759159408E-7 -6.961392531596378 1.734404140159256E-5 2.8792547900158757E-5
145.10583104974708 7.529510682528952E-7 -7.0646471707925445 2.0468441890375096E-5 2.718232155211271E-5
145.7654030090641 7.969623972675347E-7 -7.177551289507597 2.4074792644350353E-5 2.5414909686830727E-5
146.42497496838115 8.729365323015643E-7 -7.293359454022936 2.8100894733730098E-5 2.350916256596902E-5
147.08454692769817 9.855549687505979E-7 -7.40531693068909 3.246246983385345E-5 2.1487341638013184E-5
147.7441188870152 1.137009993263082E-6 -7.508242492282302 3.7054440067715566E-5 1.9374809915102427E-5
148.40369084633224 1.3260682768518176E-6 -7.5992653870512035 4.175292813010615E-5 1.7199664046410706E-5
149.06326280564926 1.547342001366971E-6 -7.6776127711914155 4.641793923957161E-5 1.4992321097464442E-5
149.7228347649663 1.7909046809088896E-6 -7.743916892856045 5.0896663824290576E-5 1.2785073873738927E-5
150.38240672428333 2.0423687718821882E-6 -7.799517165108107 5.502731869663196E-5 1.0611628856008813E-5
151.04197868360038 2.283504557201241E-6 -7.845969276676967 5.864342551826913E-5 8.506640449243424E-6
151.7015506429174 2.493427271712408E-6 -7.884770120419234 6.157840925370882E-5 6.505254315256348E-6
152.36112260223442 2.65031674555243E-6 -7.917233087997807 6.367038661854286E-5 4.642671116227856E-6
153.02069456155147 2.733567415145897E-6 -7.94444749041832 6.476700571138248E-5 2.953740117147087E-6
153.68026652086849 2.72620386859743E-6 -7.9672758058446815 6.473019341438353E-5 1.4725898744869137E-6
154.33983848018553 2.6173458554938163E-6 -7.986359856995423 6.34406669645307E-5 2.3230078480111973E-7
154.99941043950255 2.4044739174695702E-6 -8.002115578426112 6.080207040143473E-5 -7.353783007597368E-7
155.6589823988196 2.0952379348991463E-6 -8.01469323766628 5.674460530929427E-5 -1.4002697488224043E-6
156.31855435813662 1.7085690690192886E-6 -8.02385660990946 5.1228038167405995E-5 -1.7339658827825828E-6
156.97812631745364 1.2749011030573246E-6 -8.02865145161658 4.42439833459522E-5 -1.7099917467564496E-6
157.6376982767707 8.353772928905227E-7 -8.026410665257067 3.581738084390251E-5 -1.3039386775038568E-6
158.2972702360877 4.400078454680454E-7 -8.008997798579495 2.600711066559221E-5 -4.935768485554138E-7
158.95684219540476 1.4484291909204786E-7 -7.940346985947248 1.4905710578764253E-5 7.410441817846325E-7
159.61641415472178 8.326779526254602E-9 -7.248248013427994 2.6381901269297944E-6 2.417497579165765E-6
160.27598611403883 8.70899796918671E-8 -5.25259456303303 -1.0640039628404162E-5 4.550874933599004E-6
160.93555807335585 4.3150814775722875E-7 -5.129840156791012 -2.4746074914597437E-5 7.1536673367833665E-6
161.59513003267287 1.0813997364944921E-6 -5.102146508129745 -3.9473195820183236E-5 1.0235625016355706E-5
162.25470199198992 2.0622450369386953E-6 -5.0960741561892355 -5.45952167596602E-5 1.3803590588497718E-5
162.91427395130694 3.38228231960611E-6 -5.098700365851546 -6.987139657464813E-5 1.7861303277117386E-5
163.573845910624 5.0307752537690704E-6 -5.106050874877583 -8.505177698657097E-5 2.240917403807568E-5
164.233417869941 6.977653572706545E-6 -5.116574145450151 -9.98828049866764E-5 2.744403430304871E-5
164.89298982925803 9.174614382860988E-6 -5.129603349983274 -1.1411308594014442E-4 3.295886388921103E-5
165.55256178857508 1.1557645145531593E-5 -5.144863110735191 -1.274991099781171E-4 3.894250637290443E-5
166.2121337478921 1.4050803223415724E-5 -5.162278244327955 -1.3981079479239006E-4 4.537938276063742E-5
166.87170570720914 1.6570973222881542E-5 -5.18188935314578 -1.508366932211144E-4 5.2249216479053746E-5
167.53127766652617 1.9033233352895003E-5 -5.203811783878053 -1.6038872385644562E-4 5.952678442607129E-5
168.1908496258432 1.3842964044647789E-5 -5.223033989628523 -1.357819507326935E-4 5.338546581175779E-5
