-167.8198145025295 6.986518007470573E-5 9.823994206908571 3.491009315543474E-4 4.5317370301058444E-4
-166.5087222017285 7.818017420496591E-5 9.776691048206533 3.9154596860147966E-4 4.6138464042007424E-4
-165.1976299009275 8.116841633274777E-5 9.712229895054863 4.2841360388003885E-4 4.43443668439111E-4
-163.88653760012647 8.027795268650837E-5 9.628271670834613 4.615388744450036E-4 4.0372214988888355E-4
-162.57544529932545 7.656425902874185E-5 9.52215172804382 4.899631646260249E-4 3.4431298060585774E-4
-161.26435299852446 7.154657567199386E-5 9.392303935904811 5.127459902349827E-4 2.687095382972602E-4
-159.95326069772344 6.676708673904298E-5 9.240019628731972 5.289685592951294E-4 1.8143630103638583E-4
-158.64216839692241 6.337761492935426E-5 9.071065844560216 5.377530248478604E-4 8.759442026600611E-5
-157.33107609612142 6.187743948629987E-5 8.89543195512792 5.382995244328544E-4 -7.624095860722972E-6
-156.0199837953204 6.206772861257906E-5 8.72418342844683 5.299394262103547E-4 -9.939816237468076E-5
-154.7088914945194 6.321326297779501E-5 8.565295592267809 5.121996360935125E-4 -1.836649979289197E-4
-153.39779919371838 6.433823141648671E-5 8.42157134605387 4.848699658843671E-4 -2.573938533384105E-4
-152.08670689291736 6.455061649439748E-5 8.2913030324177 4.4806390888166503E-4 -3.1872243798813503E-4
-150.77561459211637 6.329584843483423E-5 8.170071394499061 4.022630161405775E-4 -3.6695038115529336E-4
-149.46452229131535 6.0477141242535514E-5 8.05230372163544 3.483364752573094E-4 -4.0240206397206566E-4
-148.15342999051433 5.642986340866763E-5 7.932312518137372 2.875302784787285E-4 -4.2618684508418926E-4
-146.84233768971333 5.17816221372959E-5 7.805126374455835 2.2142412390441842E-4 -4.398961138304292E-4
-145.5312453889123 4.725545703406634E-5 7.667466931017004 1.5185836319404845E-4 -4.452823856462584E-4
-144.2201530881113 4.3477030455661624E-5 7.518905069618399 8.083726443502691E-5 -4.439652321329516E-4
-142.9090607873103 4.0832784107728106E-5 7.362622251941012 1.0418002771271976E-5 -4.372024801078821E-4
-141.59796848650927 3.940382265494567E-5 7.2047786219558265 -5.740334969280544E-5 -4.257538737028016E-4
-140.28687618570825 3.897841538046327E-5 7.052178114698847 -1.2079726634383735E-4 -4.0984995190108795E-4
-138.97578388490726 3.912951080801915E-5 6.909513428038281 -1.7818737538801224E-4 -3.892633168667E-4
-137.66469158410624 3.9333581596820784E-5 6.7779363490342455 -2.283106664107422E-4 -3.6346491812953787E-4
-136.35359928330521 3.910226626617661E-5 6.655338345793945 -2.702473950892827E-4 -3.3183641567429746E-4
-135.04250698250422 3.8097516661407076E-5 6.537466313782081 -3.0342086869801575E-4 -2.939026090343276E-4
-133.7314146817032 3.6204456284708104E-5 6.419016826158718 -3.2757116754325794E-4 -2.495461696633149E-4
-132.42032238090218 3.354486086925494E-5 6.294455768014952 -3.427099407672148E-4 -1.991705729606863E-4
-131.10923008010118 3.04281525712143E-5 6.158737954275811 -3.490652600355369E-4 -1.4378552696701905E-4
-129.79813777930016 2.7253689447581394E-5 6.008213714082389 -3.4702587301365604E-4 -8.500102983838458E-5
-128.48704547849917 2.4393026417874373E-5 5.841822235120158 -3.37093060204375E-4 -2.4929707611745015E-5
-127.17595317769815 2.208797060791589E-5 5.662130155969631 -3.198458920829901E-4 3.3989651962829355E-5
-125.86486087689713 2.0395813784536205E-5 5.475160964487501 -2.959224376940455E-4 8.922329900942926E-5
-124.55376857609612 1.9197501711892923E-5 5.288279516992841 -2.6601595129879395E-4 1.3839685178188157E-4
-123.24267627529511 1.8262849035357122E-5 5.107057173451548 -2.3088186134545088E-4 1.7953821378006453E-4
-121.9315839744941 1.7347321566580125E-5 4.933150122438829 -1.9134905070163226E-4 2.112764862436379E-4
-120.62049167369308 1.6285011960405872E-5 4.7641598028823315 -1.4832784887753819E-4 2.3297073989561988E-4
-119.30939937289207 1.5045996505961367E-5 4.594873304843098 -1.0280754595517389E-4 2.447524569105639E-4
-117.99830707209107 1.3741471071714744E-5 4.419118184101682 -5.583803204638022E-5 2.474774178478232E-4
-116.68721477129004 1.2580361903446875E-5 4.232200307535939 -8.49307760718602E-6 2.4259506848089778E-4
-115.37612247048904 1.1798155342279213E-5 4.034051288648008 3.8183680112897596E-5 2.3195424066178104E-4
-114.06503016968803 1.1586070417834999E-5 3.831779042127719 8.324538546668287E-5 2.1757204667252286E-4
-112.75393786888702 1.2044561816128081E-5 3.6384611563209397 1.259135665042205E-4 2.0139679084530472E-4
-111.442845568086 1.317263230924375E-5 3.4672053851213827 1.6564509579050066E-4 1.8509539772315292E-4
-110.13175326728499 1.4889814716332412E-5 3.325232234670362 2.0218447908835615E-4 1.6989132221248806E-4
-108.82066096648398 1.7077207946853705E-5 3.2126734797129277 2.3559262277701381E-4 1.5647094896729342E-4
-107.50956866568296 1.962107405825519E-5 3.125006523359092 2.6624591248436896E-4 1.44966331916796E-4
-106.19847636488196 2.2446716546791013E-5 3.0558716078349804 2.9480325480429605E-4 1.3501127150457277E-4
-104.88738406408095 2.553805671421549E-5 2.9988628409528593 3.221431365978674E-4 1.2585773183845529E-4
-103.57629176327993 2.8945037688764525E-5 2.948433063714904 3.4927707846803003E-4 1.1653184844251278E-4
-102.26519946247892 3.2783739116248986E-5 2.9003378894234695 3.772494294694042E-4 1.0600429330734611E-4
-100.95410716167791 3.723265926219316E-5 2.851849302513897 4.0703569553819804E-4 9.334907254589266E-5
-99.6430148608769 4.2525204845988523E-5 2.801781829784365 4.394521303175247E-4 7.786789837113176E-5
-98.33192256007588 4.893603632397752E-5 2.7503028896693413 4.7508801288343003E-4 5.916352723895245E-5
-97.02083025927487 5.675954273845905E-5 2.6985296809102692 5.142690398824882E-4 3.71538741672562E-5
-95.70973795847387 6.628226490752704E-5 2.6479977297043877 5.570559788852336E-4 1.202800095091916E-5
-94.39864565767284 7.775555457067045E-5 2.6001482761257835 6.032777782083276E-4 -1.5846152559368015E-5
-93.08755335687184 9.137751583719088E-5 2.5559681162294456 6.525934325054325E-4 -4.604543971608415E-5
-91.77646105607083 1.0729256783300424E-4 2.5158364093954493 7.04572793981205E-4 -7.822550036274474E-5
-90.46536875526981 1.2561283493877016E-4 2.479549038152074 7.587838200440467E-4 -1.1224307092024978E-4
-89.1542764544688 1.4645971211846257E-4 2.4464505817461806 8.148728797200969E-4 -1.482470266345715E-4
-87.84318415366779 1.7001869711213928E-4 2.415608622719846 8.726258526499284E-4 -1.8672388925755433E-4
-86.53209185286678 1.9659763482417537E-4 2.3859891758837994 9.320006982303253E-4 -2.2849088659354283E-4
-85.22099955206576 2.266782193123597E-4 2.3566128503484762 9.931265220358308E-4 -2.7463789894552955E-4
-83.90990725126476 2.6095206073483324E-4 2.3266810658585637 0.0010562692782297746 -3.264275275218509E-4
-82.59881495046375 3.003346075011053E-4 2.29566319829119 0.0011217693541271743 -3.851689077574692E-4
-81.28772264966273 3.459521027264056E-4 2.2633355555327705 0.0011899606127753902 -4.520848516976508E-4
-79.97663034886172 3.9909900583843437E-4 2.2297669693911484 0.0012610833574725642 -5.281929007562882E-4
-78.66553804806071 4.6116705737056377E-4 2.1952550121125594 0.0013352046760576445 -6.142188132734502E-4
-77.3544457472597 5.335532059975237E-4 2.160228355925639 0.0014121585521296878 -7.105562606510934E-4
-76.04335344645868 6.175614254093443E-4 2.125138936053669 0.001491515135013654 -8.172798090123545E-4
-74.73226114565767 7.143208674466766E-4 2.0903679611620847 0.0015725840721045015 -9.342106367798299E-4
-73.42116884485667 8.247467171111227E-4 2.056162422373136 0.0016544514868802444 -0.001061027012477428
-72.11007654405564 9.495678750815413E-4 2.0226077040392925 0.0017360448247301207 -0.001197405406839824
-70.79898424325464 0.001089436415270558 1.9896322946070537 0.0018162151900525697 -0.0013431741028304257
-69.48789194245363 0.0012451194443411809 1.9570353788535257 0.0018938236557332797 -0.0014984598263918843
-68.17679964165261 0.0014177584424745293 1.9245272214805844 0.0019678168193136315 -0.0016638093750456627
-66.8657073408516 0.0016091689917306987 1.8917739114080847 0.0020372778002757724 -0.001840272181806638
-65.55461504005059 0.0018221485436295786 1.8584402880486106 0.002101441793855368 -0.0020294355662657192
-64.24352273924958 0.0020607627895563464 1.8242266084686785 0.0021596697939894327 -0.00223341118181537
-62.93243043844856 0.0023305910427176054 1.788895590462685 0.002211379512700398 -0.0024547778371154898
-61.621338137647555 0.002638924963554146 1.7522873517040516 0.0022559380633372416 -0.002696491455611853
-60.31024583684654 0.002994929870563126 1.7143210598805538 0.002292525836692236 -0.002961776625873381
-58.99915353604553 0.0034097916152755247 1.6749840981010191 0.002319984489956057 -0.003254015473768524
-57.68806123524452 0.0038968837217986485 1.634311949630309 0.002336663615120786 -0.003576648311933164
-56.37696893444351 0.004471999187294875 1.592364037795397 0.00234028027369021 -0.003933096936132683
-55.065876633642496 0.005153698864001243 1.5492015565664587 0.0023278033155195183 -0.00432671613120315
-53.75478433284148 0.005963832608288209 1.504872458313388 0.002295370675254083 -0.004760772765309262
-52.443692032040474 0.006928288237105512 1.4594064905892115 0.0022382433215042607 -0.005238445762523269
-51.13259973123946 0.00807801425420522 1.4128203039959821 0.002150795004067319 -0.0057628352072356176
-49.82150743043845 0.009450343585680171 1.3651301116305916 0.002026533180023054 -0.006336965652242741
-48.51041512963744 0.011090617388320397 1.316367807852684 0.0018581441439119838 -0.006963767908587048
-47.19932282883642 0.013054072930936661 1.2665960659997655 0.001637554842192082 -0.007646025377991759
-45.888230528035415 0.015407922155262165 1.2159186103671242 0.001356005205995354 -0.008386275167405637
-44.5771382272344 0.018233513254697156 1.1644832969289745 0.0010041278406390372 -0.009186660277571179
-43.26604592643339 0.02162844140950291 1.1124774628583918 5.720360113694443E-4 -0.010048736295128832
-41.95495362563238 0.02570845981689553 1.060116804059147 4.9425283365285306E-5 -0.010973243296704871
-40.64386132483136 0.030609038774588197 1.007630406655247 -5.743019743889586E-4 -0.011959860124817723
-39.332769024030355 0.03648642617078439 0.9552451819255516 -0.0013098775762394295 -0.013006962956318657
-38.02167672322934 0.043518071850566525 0.9031727260295117 -0.002167962006363366 -0.01411141251072242
-36.71058442242833 0.051902283705373704 0.851600691466091 -0.0031588825333152193 -0.015268393994232752
-35.39949212162732 0.06185697776115235 0.8006894611331923 -0.0042923096733525805 -0.016471330939100498
-34.088399820826304 0.0736173635781761 0.7505736617069285 -0.005576873395422635 -0.01771188879965504
-32.777307520025296 0.08743237134916808 0.7013671549393248 -0.007019728461016468 -0.018980077105306213
-31.46621521922428 0.10355958800863316 0.6531697441454067 -0.008626086601136082 -0.02026445093696285
-30.15512291842327 0.12225844522101223 0.6060738990575896 -0.010398740700441656 -0.02155240435984613
-28.84403061762226 0.14378141745055117 0.5601701970089294 -0.012337611667499374 -0.022830541056551402
-27.532938316821248 0.16836306885321545 0.5155507292166224 -0.014439351299081967 -0.024085101472115476
-26.221846016020237 0.1962069505327386 0.4723102753151931 -0.016697033614450636 -0.025302421811006903
-24.910753715219226 0.22747059473216544 0.4305455015748514 -0.019099962699761053 -0.026469398462979684
-23.59966141441821 0.2622491570132043 0.3903527339058215 -0.02163361739846007 -0.027573931866526392
-22.2885691136172 0.30055857621993964 0.3518249849759023 -0.024279742996400833 -0.02860532619578622
-20.97747681281619 0.34231939500734115 0.3150488966785012 -0.02701658852387634 -0.02955462515068714
-19.666384512015178 0.3873425497834506 0.28010213525381467 -0.029819276786223623 -0.03041486900801387
-18.355292211214167 0.435318452110366 0.24705159446366842 -0.03266028412753073 -0.03118126339694376
-17.044199910413152 0.48581052721460216 0.215952567442514 -0.03550999945884987 -0.03185125549192525
-15.73310760961214 0.5382540688340426 0.18684887525038008 -0.038337328145399224 -0.032424518073969164
-14.42201530881113 0.5919608662272821 0.15977381124040058 -0.0411103063909481 -0.032902845947931234
-13.110923008010118 0.6461296328495478 0.13475168318369413 -0.043796695700259 -0.03328997241919895
-11.799830707209106 0.6998618930473838 0.1117997070285206 -0.04636453423777764 -0.0335913159629013
-10.488738406408094 0.7521827211070351 0.09093001780563448 -0.048782631381683136 -0.03381366899247873
-9.177646105607083 0.8020656003755289 0.07215160217462468 -0.051021002138071064 -0.03396484192814482
-7.86655380480607 0.8484606630220113 0.05547201102701216 -0.0530512478471488 -0.03405327674940876
-6.555461504005059 0.8903256316706515 0.04089876869221776 -0.054846897377067674 -0.03408764500871345
-5.244369203204047 0.9266588396894005 0.028440449348078545 -0.056383727629658355 -0.034076445924310084
-3.933276902403035 0.9565336839216679 0.0181074355101849 -0.057640082976392594 -0.03402762060798146
-2.6221846016020236 0.9791337101106601 0.009912404655302964 -0.058597210036704206 -0.03394819858516098
-1.3110923008010118 0.9937872344284794 0.003870606921887898 -0.059239617402004854 -0.033843992347630615
0.0 1.0 0.0 -0.059555460411151 -0.03371935454800671
1.3110923008010118 0.9974839369440008 -0.0016787012535548484 -0.059536940209085024 -0.03357701044181748
2.6221846016020236 0.9861797524928028 -0.001142020326673432 -0.0591806956081934 -0.03341797522669942
3.933276902403035 0.9662709474875227 0.001636257669515473 -0.058488157281871754 -0.03324156204879892
5.244369203204047 0.9381870407212601 0.0066850275352869915 -0.05746582792601451 -0.03304548179899797
6.555461504005059 0.9025943395910535 0.014035739152298277 -0.05612545023080516 -0.03282603068200131
7.86655380480607 0.8603735128287102 0.023722154743232693 -0.054484027311051356 -0.03257835628259176
9.177646105607083 0.8125844118625466 0.03577992135404706 -0.05256366757310558 -0.03229678790544016
10.488738406408094 0.7604198982191805 0.050245882460954405 -0.050391237207210456 -0.03197521276469983
11.799830707209106 0.7051516701267594 0.06715705010581985 -0.04799781745549325 -0.031607476538177096
13.110923008010118 0.6480720415236002 0.08654916368420729 -0.04541797904214392 -0.031187785175123876
14.42201530881113 0.5904361452114081 0.10845477398191328 -0.04268890102748761 -0.03071108482320645
15.73310760961214 0.5334090127346587 0.13290081194510783 -0.039849374267489385 -0.030173398335375332
17.044199910413152 0.47802142107020645 0.1599056317077583 -0.036938739265338257 -0.029572099896482136
18.355292211214167 0.42513737706282806 0.18947555714510322 -0.03399581352620736 -0.028906113604241775
19.666384512015178 0.3754347959473547 0.22160101066912397 -0.03105786410222252 -0.028176026980233825
20.97747681281619 0.3293995229767938 0.2562523610923666 -0.028159676910975397 -0.027384115946601614
22.2885691136172 0.28733155131464116 0.29337569162881394 -0.025332766203360915 -0.02653428334379592
23.59966141441821 0.2493612729921781 0.33288875512413263 -0.022604756235847116 -0.02563191817730509
24.910753715219226 0.21547296787796114 0.37467744514489 -0.019998954035164627 -0.0246836871282669
26.221846016020237 0.18553251894954212 0.4185931605927813 -0.01753411850642947 -0.023697273198060777
27.532938316821248 0.1593165020871327 0.46445146867122666 -0.01522441834598329 -0.022681078537444724
28.84403061762226 0.13654024513992177 0.5120324661098685 -0.013079560384654802 -0.02164390949446353
30.15512291842327 0.11688306771906633 0.5610831911779446 -0.011105061889651066 -0.020594661748379362
31.46621521922428 0.10000958252529332 0.611322339747808 -0.009302635392237118 -0.019542022194244186
32.777307520025296 0.08558656271173505 0.6624473810184703 -0.00767065278927036 -0.01849420216632373
34.088399820826304 0.0732953907687574 0.7141439523896338 -0.006204656446895786 -0.017458713826668047
35.39949212162732 0.06284047012749404 0.7660971492974156 -0.004897888210140676 -0.01644219829620337
36.71058442242833 0.053954198928823686 0.8180040406166551 -0.0037418118398881497 -0.015450310568106137
38.02167672322934 0.046399195810194444 0.8695864754421496 -0.0027266096779626475 -0.014487662610236755
39.332769024030355 0.039968461500925735 0.9206030551947322 -0.0018416395836023856 -0.013557822522564593
40.64386132483136 0.03448409162838252 0.9708590771540155 -0.001075842859757183 -0.012663364349173171
41.95495362563238 0.02979505586696244 1.0202133459833203 -4.1809768119274976E-4 -0.011805960329130966
43.26604592643339 0.02577444968053228 1.0685810034758898 1.4248464072722498E-4 -0.010986505172613332
44.5771382272344 0.02231652264780887 1.1159319153933964 6.163212623599207E-4 -0.010205260515002708
45.888230528035415 0.01933369982207817 1.1622846238274676 0.001013176646459459 -0.009462007145507505
47.19932282883642 0.01675374250986259 1.207696359057394 0.0013420369722462163 -0.008756192990569771
48.51041512963744 0.01451714155062236 1.2522500462462478 0.001611037448049418 -0.008087066150642717
49.82150743043845 0.012574797072027894 1.2960395937859115 0.001827438668126494 -0.007453784455542478
51.13259973123946 0.010886010503803608 1.3391549810258283 0.001997646704304722 -0.006855495846122616
52.443692032040474 0.009416794136564611 1.3816687516039199 0.0021272699767383696 -0.006291387155645798
53.75478433284148 0.008138488047805141 1.42362544383057 0.0022212043001991716 -0.005760702237860191
55.065876633642496 0.00702666199088056 1.465035229571857 0.0022837361320746266 -0.005262733523189854
56.37696893444351 0.006060270050586659 1.5058725723302135 0.0023186532591516953 -0.0047967936394345085
57.68806123524452 0.0052210185936934555 1.5460800617869328 0.002329352212747431 -0.004362175419240654
58.99915353604553 0.00449290391473019 1.5855767871450794 0.002318932751799235 -0.003958109235650343
60.31024583684654 0.0038618756716844367 1.6242697800464985 0.002290271809004273 -0.0035837260863656444
61.621338137647555 0.0033155859388659687 1.6620663391325365 0.002246072198034022 -0.00323803325712055
62.93243043844856 0.0028431909147934374 1.69888460605873 0.002188884818655107 -0.0029199069470961015
64.24352273924958 0.00243518167899401 1.7346597325166861 0.002121106646731581 -0.002628103267928614
65.55461504005059 0.002083230113828616 1.7693434308117446 0.0020449599830034246 -0.0023612859462521117
66.8657073408516 0.0017800444797334094 1.8028956266154879 0.001962460808474745 -0.0021180663071381747
68.17679964165261 0.0015192349774251492 1.8352682421278201 0.001875385304604644 -0.0018970490949402716
69.48789194245363 0.0012951925596166945 1.8663826715386316 0.0017852434530247839 -0.0016968767048230401
70.79898424325464 0.0011029846129094708 1.896104044594428 0.0016932671397080852 -0.001516264612629869
72.11007654405564 9.382697112773457E-4 1.924216626301492 0.0016004175642372579 -0.0013540221870146907
73.42116884485667 7.972313380107922E-4 1.950405359928907 0.0015074133861451872 -0.001209055449851375
74.73226114565767 6.76528028846437E-4 1.9742483614189439 0.001414777439923518 -0.0010803513649184453
76.04335344645868 5.732553398406125E-4 1.9952240168241175 0.0013228965767440838 -9.669464167441465E-4
77.3544457472597 4.8491377973556215E-4 2.0127343943261833 0.0012320867623255934 -8.67885084231813E-4
78.66553804806071 4.0937668637340536E-4 2.026144403201541 0.0011426543723842021 -7.82175843962915E-4
79.97663034886172 3.448531837641454E-4 2.034834043567437 0.001054944888302207 -7.087531916280681E-4
81.28772264966273 2.8984379200638357E-4 2.0382594825912843 9.693718908771236E-4 -6.464536535099792E-4
82.59881495046375 2.4308952718801003E-4 2.0360173428559376 8.864221382019862E-4 -5.940118891490666E-4
83.90990725126476 2.0351854921347767E-4 2.0279048087715417 8.066361611977571E-4 -5.500799936364543E-4
85.22099955206576 1.7019652157124188E-4 2.0139653242741096 7.305676550172548E-4 -5.132694162574173E-4
86.53209185286678 1.4228699175355746E-4 1.9945061174001202 6.587283816864889E-4 -4.8221107757519743E-4
87.84318415366779 1.1902608698168097E-4 1.9700716238021032 5.91527775424644E-4 -4.5562589799696366E-4
89.1542764544688 9.97122881904069E-5 1.9413596214618511 5.292175425738523E-4 -4.323956150517356E-4
90.46536875526981 8.370828025209514E-5 1.9090774956974093 4.7185106510662345E-4 -4.1162289938017287E-4
91.77646105607083 7.044927351303338E-5 1.8737538986461058 4.192653856572874E-4 -3.9267060831027365E-4
93.08755335687184 5.945163146015589E-5 1.8355406134996617 3.710902509391447E-4 -3.751725137443123E-4
94.39864565767284 5.031709006024385E-5 1.7940531244417741 3.267846013869732E-4 -3.590117165957542E-4
95.70973795847387 4.273042574087537E-5 1.7483021628737667 2.856966332426923E-4 -3.4426768889196825E-4
97.02083025927487 3.645086461686824E-5 1.696764179661269 2.471397807379179E-4 -3.311377787036668E-4
98.33192256007588 3.12988750078116E-5 1.6376291318807006 2.104742656911002E-4 -3.1984331839812145E-4
99.6430148608769 2.7140083474167863E-5 1.56924296931094 1.7518268117450321E-4 -3.1053348732403826E-4
100.95410716167791 2.3867530166055697E-5 1.4907077608134713 1.4092863150830102E-4 -3.0320124991734535E-4
102.26519946247892 2.1383278540819592E-5 1.4024906406971187 1.0758969676044207E-4 -2.9762472667929575E-4
103.57629176327993 1.9581096820311264E-5 1.3067533370912692 7.525961978066415E-5 -2.9334427834727385E-4
104.88738406408095 1.833327312946098E-5 1.207091059488583 4.421910290361454E-5 -2.8968073939735476E-4
106.19847636488196 1.74855714670587E-5 1.107628625263322 1.4879283235879375E-5 -2.85794263864074E-4
107.50956866568296 1.6863669205077415E-5 1.0118554108115827 -1.2293879228158984E-5 -2.807769922180259E-4
108.82066096648398 1.629159257687987E-5 0.9217665654895786 -3.686306169249195E-5 -2.737671523181307E-4
110.13175326728499 1.5618365108171827E-5 0.8376061275625251 -5.849828363243818E-5 -2.6406816328879113E-4
111.442845568086 1.4745101258887003E-5 0.7580968518625575 -7.703876959975781E-5 -2.512545265778911E-4
112.75393786888702 1.3643207207345205E-5 0.6808751220935001 -9.252823774393055E-5 -2.3524716875829023E-4
114.06503016968803 1.2356444842107476E-5 0.6029497177881158 -1.0521775644090208E-4 -2.163444705261684E-4
115.37612247048904 1.0984951106644696E-5 0.52118695395618 -1.1553514951361759E-4 -1.9520109527586575E-4
116.68721477129004 9.65578111661908E-6 0.4329556788392992 -1.2402502149522402E-4 -1.7275416800965673E-4
117.99830707209107 8.489304686936796E-6 0.33705903353182975 -1.3126805672049216E-4 -1.5010432312980077E-4
119.30939937289207 7.5716555798091475E-6 0.23481745042283997 -1.377916212522537E-4 -1.2836647131287093E-4
120.62049167369308 6.940094773158395E-6 0.1306322884265061 -1.4398533506765872E-4 -1.0851069290982712E-4
121.9315839744941 6.582392481774551E-6 0.031074509010320384 -1.500349044454354E-4 -9.121650931018352E-5
123.24267627529511 6.44614917311326E-6 -0.05760617423930192 -1.558851278913608E-4 -7.676332530689772E-5
124.55376857609612 6.4519314883525325E-6 -0.13211160479132822 -1.612389274740468E-4 -6.497594140171749E-5
125.86486087689713 6.505876194285532E-6 -0.1932209063842496 -1.655940800967545E-4 -5.523707196873368E-5
127.17595317769815 6.511367706762765E-6 -0.2452531525556907 -1.6831377257162417E-4 -4.656961298701369E-5
128.48704547849917 6.382472276477588E-6 -0.2948919426903611 -1.687219888145525E-4 -3.778119654276766E-5
129.79813777930016 6.06141947969067E-6 -0.35031609982156375 -1.6621081282467134E-4 -2.765378105363935E-5
131.10923008010118 5.5381825674169026E-6 -0.4209600868539738 -1.603445887821611E-4 -1.515310950854017E-5
132.42032238090218 4.86454551038041E-6 -0.5176475305235577 -1.5094585836059846E-4 3.719124214462422E-7
133.7314146817032 4.152061336577087E-6 -0.6520753449074608 -1.3815012964950334E-4 1.9030627119097844E-5
135.04250698250422 3.546416133354476E-6 -0.8332027883789035 -1.2242054482522994E-4 4.029991788491082E-5
136.35359928330521 3.180249414131202E-6 -1.0577771088628225 -1.045188547501189E-4 6.302073483987355E-5
137.66469158410624 3.11874284253445E-6 -1.3009044815181454 -8.543503346468886E-5 8.549018457579825E-5
138.97578388490726 3.320834705414799E-6 -1.525642176047059 -6.628354236574054E-5 1.0564457453066522E-4
140.28687618570825 3.6377549754038085E-6 -1.7079444776805932 -4.8178884011217024E-5 1.2131564425417093E-4
141.59796848650927 3.8577362187507204E-6 -1.8448022303445786 -3.210601850671121E-5 1.3053065781498427E-4
142.9090607873103 3.7852860852362644E-6 -1.9443000917502538 -1.8802042620646955E-5 1.3181876517942543E-4
144.2201530881113 3.324388962961001E-6 -2.0164906810550605 -8.664144233263844E-6 1.2448238559001852E-4
145.5312453889123 2.5276280513990355E-6 -2.0703972388241603 -1.6954474123878567E-6 1.0879407329381929E-4
146.84233768971333 1.5835590392165191E-6 -2.115065283216456 2.5045565121069687E-6 8.608644851081383E-5
148.15342999051433 7.407448826393443E-7 -2.1659262556409615 4.704042231557343E-6 5.871463384989406E-5
149.46452229131535 1.982799593068896E-7 -2.282892581507406 5.962166021824159E-6 2.988587818361314E-5
150.77561459211637 1.4499785112791938E-8 -3.235787000535238 7.521476867929966E-6 3.3678140383708264E-6
152.08670689291736 8.532144052964225E-8 -4.6637927348427475 1.0682789756975885E-5 -1.689706007145351E-5
153.39779919371838 2.1768361459080237E-7 -4.678029717528258 1.6677548125279766E-5 -2.7229695074984416E-5
154.7088914945194 2.8031136311990855E-7 -4.405157350146656 2.6552299143811473E-5 -2.4655854348996307E-5
156.0199837953204 3.716231422837663E-7 -3.832603720441167 4.107756718507819E-5 -7.297923523583336E-6
157.33107609612142 9.233689835637895E-7 -3.26136088093479 6.068954021797001E-5 2.5331786972377E-5
158.64216839692241 2.6717537363716754E-6 -2.955501552109263 8.54681926614324E-5 7.21753124844233E-5
159.95326069772344 6.474400763972496E-6 -2.8084615902175862 1.151504817962469E-4 1.3063488776683224E-4
161.26435299852446 1.3015258594966014E-5 -2.734708568881773 1.491728021495865E-4 1.967459392243301E-4
162.57544529932545 2.2494617531447963E-5 -2.6989304119686928 1.8673358724915581E-4 2.655031653070897E-4
163.88653760012647 3.442306340275415E-5 -2.6864027772185572 2.26865239004985E-4 3.3130733603947715E-4
165.1976299009275 4.761382113198504E-5 -2.690746333645361 2.685046148789332E-4 3.884857270173325E-4
166.5087222017285 6.040337606758605E-5 -2.709446907732831 3.10553010552353E-4 4.318298783929361E-4
