928.3863232190143 1.203769203684958E-6 4.786773112452104 0.001867490396272986 0.0018931539489220883
926.0120917563333 1.288716306121867E-6 4.480741226601801 0.002426404708754104 0.0012823661067017378
923.6499729149059 6.958917864271981E-7 4.209628720383317 0.0019652236713462168 4.293165505494523E-4
921.2998742381004 1.1546950169848287E-7 3.869018912880334 8.108878623832583E-4 -1.0233037460971595E-4
918.9617042078689 1.693066368692485E-8 0.7540142516002035 -3.106433832169575E-4 3.083696578154438E-5
916.6353722328672 1.8644935483130573E-7 0.04518249574337663 -7.141342614414015E-4 7.468325014834409E-4
914.3207886367557 4.5586329186980567E-7 -0.6129502513533742 -1.6873368532865918E-4 0.0016028009883438665
912.0178646466745 9.29425324632762E-7 -1.1519718956255387 9.655223731945828E-4 0.002082511011330168
909.7265123818958 1.3373362983970931E-6 -1.5132612557560305 0.001961478765573399 0.0019225404655472955
907.4466448426437 1.1303309862734387E-6 -1.7589833252314895 0.0021736187335856805 0.001272541883707734
905.1781758990833 4.3404817185587733E-7 -1.8984111887228705 0.0014398565482428571 5.922360034301688E-4
902.9210202804746 2.9196529626827276E-8 -1.2153815196527669 1.9223607534080145E-4 3.5394970079893895E-4
900.675093564488 2.1257458663237067E-7 0.10106665921313152 -7.918457195659201E-4 7.404832632186276E-4
898.4403121666778 5.55923036935245E-7 -0.21120404094870704 -8.486086435273155E-4 0.0015291678295428213
896.2165933301142 9.181761169955302E-7 -0.798319778163922 1.8024395759741463E-4 0.0022347294859390576
894.0038551151673 1.7112905999852434E-6 -1.3731647474732673 0.0018606887238626912 0.002420743404442649
891.8020163894423 2.9078400809477435E-6 -1.7653548456630945 0.0034389143414171874 0.0019839951294807756
889.6109968178632 3.726225044262206E-6 -2.009859621877286 0.004310154101549557 0.001233688354423168
887.430716852903 3.7039367402495055E-6 -2.127145387723023 0.004400839761196623 7.169307645444878E-4
885.2610977249556 3.50495289641027E-6 -2.0785693440934185 0.004231711511667319 9.022455672936802E-4
883.10206143285 4.713466811237779E-6 -1.894187968177084 0.004621025596040773 0.0019235587774725227
880.9535307345033 9.66128980683086E-6 -1.7688190046701378 0.006204441572892877 0.0035509065196001055
878.8154291377076 2.1160015390407408E-5 -1.7501121777448754 0.009060173976210784 0.005412754166623457
876.6876808910532 4.089861173566019E-5 -1.763654666237401 0.012666015355927873 0.007336069267293188
874.5702109749822 6.80898763886155E-5 -1.7543753949009604 0.016215024344300694 0.009593661394347142
872.4629450929712 1.0239870504590196E-4 -1.694477060634127 0.019098836466896377 0.012903053999656078
870.3658096628417 1.515464022157939E-4 -1.5813912965202377 0.021263481633517087 0.018174886254510525
868.2787318081956 2.3814456911694577E-4 -1.4435686058744608 0.02321649051528768 0.026166567108771965
866.2016393499731 4.0035406526678916E-4 -1.321168350148274 0.025673092591590604 0.03725939035243758
864.1344607981317 6.869746052744198E-4 -1.2313751263176895 0.02904832033343152 0.051503059466961224
862.0771253434442 0.0011535787513596769 -1.1656446954597284 0.033098173010733034 0.06890390837306669
860.0295628494138 0.0018691948625422917 -1.1080682967239301 0.03692662676285187 0.08977504606559768
857.9917038443033 0.0029407634058524882 -1.0477899532083343 0.03935606819478535 0.11491795995092244
855.9634795132785 0.0045508253198342655 -0.982528589758723 0.039437782769370475 0.14549991959219258
853.9448216906617 0.006986400227917055 -0.9165787492518147 0.036790645023809715 0.18267523050281698
851.9356628522953 0.010632463360278418 -0.8558717213413587 0.0315562539603616 0.22715913518355452
849.9359361080124 0.01592650600481862 -0.8036137089157123 0.023990221458049965 0.27899978249862667
847.9455751942139 0.023307574998533576 -0.7590795822868293 0.013934262081938403 0.33767904601226906
845.9645144665488 0.03320904484437514 -0.7190693824143688 4.955307849745377E-4 0.4024732665942193
843.992688892698 0.046116785928886475 -0.6800963484052929 -0.01785438784618991 0.4728417783543205
842.0300340452569 0.0626552626734754 -0.6399889550021802 -0.042793603496158544 0.5485876633714691
840.0764860947193 0.08361472467136707 -0.5984401792481755 -0.07554085374815168 0.6296717829630878
838.131981802557 0.10984169999442495 -0.5565424741214207 -0.11646383378923529 0.715779127369
836.1964585143968 0.14200182481630982 -0.5157484499252236 -0.16511874720087227 0.8059033060145298
834.2698541532903 0.18034131683814994 -0.4769280175036892 -0.22067708215510687 0.898223980828486
832.3521072130773 0.22461889318351907 -0.4400128516097288 -0.28246045404592757 0.9903898133680268
830.4431567518408 0.2742823554500385 -0.4042677874669458 -0.35023563777228595 1.0800782370086939
828.5429423854512 0.3287712890451603 -0.36888715811591855 -0.4240661678665433 1.165528666980595
826.6514042811992 0.38769144810488393 -0.33353650380918687 -0.5037924927634365 1.24574918619385
824.7684831515164 0.4506613683004944 -0.2985631424879598 -0.5884555001946958 1.3202853416559008
822.8941202477802 0.5168726462951526 -0.26479684038035867 -0.6760384032151583 1.3887064532707214
821.0282573542032 0.5846712436328209 -0.23309094265101304 -0.7637349737656114 1.4501487885675992
819.1708367818079 0.6515425148965014 -0.203894476773943 -0.848649309807049 1.5032373188800237
817.3218013624788 0.7146600578328136 -0.1770961765255139 -0.9285707652035879 1.5464872687556284
815.4810944430989 0.7717564921305093 -0.15219299038930245 -1.0024066726001548 1.578986923256657
813.6486598797626 0.821789048299556 -0.12865560974696688 -1.0700402836157985 1.6009642235100565
811.8244420320679 0.8649521216690346 -0.10628028077509999 -1.1317116276838501 1.6138713727749523
810.0083857574841 0.9020092723828393 -0.08533414198815414 -1.1873032692974244 1.6198813379357522
808.2004364057966 0.9333851033601223 -0.06640858060649801 -1.2359793098235718 1.621035945126724
806.4005398136235 0.9586396650722586 -0.05006217533734425 -1.2764252884300835 1.6185132963586608
804.6086422990076 0.976713880146164 -0.03646945327565376 -1.307576668953133 1.6124455373457334
802.8246906560792 0.9868285586246399 -0.02529060642530112 -1.3294115459762827 1.6024187556706697
801.0486321497897 0.9894623592457278 -0.015842028543292308 -1.343307220469478 1.5883847721098463
799.2804145107154 0.9867309409913572 -0.007480316794804764 -1.3516777896769816 1.5714422866575157
797.5199859299302 0.9818288397314388 0.0 -1.357008413828275 1.553974144442544
795.7672950539442 0.9777633099387597 0.0061809405070016865 -1.3607580614942687 1.5389641121026862
794.0222909797116 0.9760350594357328 0.01018624091378939 -1.3627077732630064 1.528785887175005
792.284923249702 0.9759581824166425 0.01113150922981454 -1.361113824275694 1.5240948000194654
790.555141847037 0.9749834038870897 0.008589731844958592 -1.3535958074136938 1.5234530737512684
788.8328971906902 0.9698906669130096 0.002781063604054168 -1.338285314657876 1.523958174194391
787.1181401307507 0.9582705059129877 -0.0056171162678797515 -1.3146119753967678 1.5226025231633273
785.4108219437464 0.9395262464756339 -0.015918493799047972 -1.2833020751398239 1.51766743256889
783.7108943280299 0.9148515078826406 -0.027896487988464003 -1.24560775981589 1.5093920318540648
782.0183093992232 0.8862105259348537 -0.04203487987923182 -1.2022272078853975 1.499515569523282
780.3330196857215 0.8549347879489442 -0.05940910981284908 -1.1525672193788061 1.4898926212839458
778.6549781242549 0.8207590702333514 -0.08122389115805007 -1.09482453447578 1.4809045712781264
776.9841380555076 0.7818416265559809 -0.1082407855402332 -1.0269101481336214 1.4705443480105824
775.3204532197933 0.7357638661853404 -0.14040897899025406 -0.9477594219603804 1.4547336699505162
773.6638777527849 0.6809938312686161 -0.17687778257055164 -0.8583294250595127 1.4287967561749
772.0143661813014 0.6180444552441495 -0.21634569351385835 -0.7617242942644916 1.3893943428288198
770.3718734191456 0.5496862260396099 -0.2575709286361665 -0.6623404194726356 1.3359518565829953
768.7363547629969 0.4800763413111348 -0.299863293899878 -0.5644427328064965 1.2708502454176194
767.1077658883559 0.4132865598733959 -0.34340552055913864 -0.47088722392560967 1.1982733280600835
765.486062845539 0.3520312950527651 -0.3892655810701351 -0.38262519590609867 1.1222958888723165
763.8712020557263 0.29719450688879734 -0.43902669001275374 -0.29920362139846124 1.0451872198508751
762.2631403070569 0.24822903133714452 -0.49414716126554126 -0.2199423463206722 0.9667871109226481
760.6618347507754 0.20405486408636755 -0.5553594261401171 -0.1451129427074706 0.8852464338579059
759.0672428974249 0.1639328701214873 -0.6224030585234832 -0.07645731305934228 0.7987107771120054
757.4793226130898 0.12790132111133837 -0.6941447461740884 -0.01675531104539099 0.7070390708329904
755.8980321156844 0.0966291350037306 -0.7689270471056284 0.03132648857373797 0.6126427140793519
754.3233299712879 0.07086320005720154 -0.8450016025313758 0.06648384088716587 0.520000854188746
752.7551750905259 0.05086486490096019 -0.9210604609218116 0.08945355466452726 0.43409949487600474
751.1935267249961 0.03617907613930666 -0.9969423673485167 0.10276630204545907 0.35858962909551423
749.638344463739 0.025799091393346425 -1.0743588667823536 0.10971251361108525 0.2945810209019182
748.089588229752 0.018532207534523608 -1.1570889355983907 0.11306553938695796 0.24063380853741279
746.5472182765468 0.013329321917067715 -1.2501736405299342 0.11420749956701147 0.19388140436031004
745.0111951847488 0.009458260479243726 -1.3584557284778196 0.1130581668388981 0.15165330009160197
743.4814798587396 0.006514443544462289 -1.4852121001549072 0.1087627567797076 0.11275589276775896
741.9580335233395 0.004315976541773119 -1.630800802776612 0.1006994896366332 0.0778044109385213
740.4408177205311 0.002761160987368595 -1.7905035662293267 0.08923263023351585 0.04853167112114193
738.9297943062236 0.001733869906940312 -1.952004344117439 0.0758197025336198 0.026533094373406868
737.4249254470557 0.0010926193750073958 -2.096333327096266 0.062463923171210384 0.012162174333975068
735.9261736172381 7.055107946066282E-4 -2.207194454703939 0.050862920144100335 0.0041514605210768996
734.4335015954342 4.7403535351579594E-4 -2.2861659862000385 0.04174587338935913 1.0305029315260672E-4
732.9468724616795 3.314736239419591E-4 -2.359868016188959 0.0347497135339587 -0.002479539756899851
731.466249594336 2.3580199982958756E-4 -2.4670505167503087 0.028858635036775895 -0.0052041806856255035
729.9915966670867 1.6633606524834777E-4 -2.635514385546668 0.023115233205891803 -0.008356079464640342
728.5228776459637 1.1618688130408836E-4 -2.865512203308284 0.01718346361367601 -0.01118153789345988
727.0600567864136 8.090838551951574E-5 -3.123323377210051 0.011463329516378656 -0.012653004566570258
725.6030986303971 5.443589709203207E-5 -3.3562498464609503 0.006739679977401464 -0.012244167798590833
724.1519680035252 3.329016731475996E-5 -3.521207000510498 0.0036194027271469753 -0.010290003453157781
722.706630012227 1.8275286580012464E-5 -3.594033327472153 0.0021156199134978737 -0.0077834693867715465
721.267050040954 1.0208631612865655E-5 -3.586170829893235 0.001623657990754257 -0.005793171376330619
719.8331937494163 7.215919476616759E-6 -3.602785850857882 0.0012814138081873594 -0.004882836156304915
718.4050270698516 6.817573170457966E-6 -3.762609918695257 4.734037375438427E-4 -0.004874190589331362
716.9825162043273 7.514921864780978E-6 -4.023559939830078 -8.384204168939147E-4 -0.005062345523901723
715.565627622075 7.705817117168275E-6 -4.2878927548655 -0.0021545564665444994 -0.004717034946469245
714.1543280568544 5.893944733793023E-6 -4.52948131533855 -0.002811004942032347 -0.003547741932887427
712.7485845043512 2.7215283248763745E-6 -4.780296586224845 -0.0024438893047454835 -0.0018575876490573018
711.3483642196039 4.850675730258973E-7 -5.182126344867947 -0.001253818825209474 -3.176172307876035E-4
709.9536347144606 6.778052076388059E-8 -7.192693037792675 9.192427727922059E-5 4.7371021767428356E-4
708.5643637550672 2.517852687315025E-7 -8.171183398749132 8.547181509450663E-4 3.6201038954752907E-4
707.1805193593838 1.554194190047397E-7 -8.974207124839275 6.69712703873282E-4 -2.8503651291356125E-4
705.8020697947302 2.172796510872011E-7 -10.420546528533578 -2.3565674028702688E-4 -8.259530800512893E-4
704.4289835753608 5.821788725417378E-7 -11.148289324736737 -0.0011850420933327 -7.514463949043204E-4
703.0612294600672 6.422786937199305E-7 -11.719567215269109 -0.0014709696442908315 9.053577724849049E-6
701.6987764498086 5.247398963686426E-7 -12.644962912394217 -7.91691610792955E-4 0.0010650001461041114
700.3415937853697 1.094204504220885E-6 -13.581065605060544 5.594557782528931E-4 0.0018289106106036401
