968.2080088747092 3.148035537022827E-6 -38.06044355018919 0.010137523634365486 -0.003607498265804747
967.3953075376386 1.8875129500038795E-6 -37.652128213098656 0.008306625105228171 5.526487474069863E-4
966.5839693983953 1.3987273444424196E-6 -36.994186389560554 0.005362565830052013 0.0047450032389037
965.77399102998 1.9739787085671346E-6 -36.3581943510784 0.001775324598510153 0.008311784229839414
964.9653690168713 3.2210414972096426E-6 -35.971706184631536 -0.001900013111013621 0.010680182919554637
964.158099954977 4.311052132559639E-6 -35.728259107942826 -0.005107388968769611 0.011452055591187671
963.3521804515868 4.502213857883063E-6 -35.53416915536352 -0.0073724683906986055 0.010468020919917609
962.5476071253239 3.6170769365939554E-6 -35.329314159509856 -0.008371650662509333 0.007835756285322293
961.7443766060991 2.1765410943764066E-6 -35.033465982200326 -0.007977405009803151 0.003917653628609408
960.9424855350624 1.1007067142360879E-6 -34.462573114819605 -0.006273646396523391 -7.208247487342501E-4
960.1419305645569 1.150983597380241E-6 -33.58681982095598 -0.0035394281574506747 -0.005394695485414047
959.3427083580722 2.4494890122991957E-6 -33.027861028045756 -2.0395957030561185E-4 -0.00940251627174149
958.5448155901978 4.3714577189381395E-6 -32.74678043717141 0.0032198500952228537 -0.012133409684638607
957.7482489465772 5.885996024659298E-6 -32.565127485279326 0.006213074862387535 -0.013161686040117804
956.9530051238612 6.150923099990383E-6 -32.411544385603435 0.008327968980577916 -0.012314392537030816
956.1590808296643 5.010717211290587E-6 -32.24439612181468 0.009253259264895702 -0.009701079598189333
955.3664727825166 3.0986559740744265E-6 -32.00721215249522 0.008858093724148003 -0.0057007325905003015
954.5751777118203 1.4764941268360804E-6 -31.56058506103315 0.007208543221259078 -9.073207377574555E-4
953.7851923578048 1.0202024907657224E-6 -30.719933549344617 0.004554724605070004 0.003958222647226783
952.9965134714806 1.913835692904971E-6 -30.0215541400555 0.0012909877027952876 0.008156531561026359
952.2091378145964 3.552170052638609E-6 -29.67625912987169 -0.0021044653013011505 0.011042487902725329
951.4230621595932 4.910997753098734E-6 -29.46471683045473 -0.0051412513387234515 0.01216485165609038
950.6382832895616 5.165005723417787E-6 -29.286985254397457 -0.007389009313408357 0.011337430400256476
949.8547979981971 4.18384832085372E-6 -29.08679586768146 -0.00853950629784661 0.008670550941723532
949.0726030897563 2.608048283018094E-6 -28.78843067606664 -0.008449711212365263 0.004557541233175311
948.2916953790143 1.4571125897380393E-6 -28.240447340884856 -0.007159871079574054 -3.8224204397163675E-4
947.5120716912207 1.503812172945661E-6 -27.45869671089435 -0.004884410743198453 -0.005395632007361151
946.7337288620565 2.7919796323544874E-6 -26.92390780159521 -0.0019775042101726203 -0.009709414142580974
945.9566637375923 4.592647717019736E-6 -26.63457808929688 0.0011211614863406716 -0.012648471778638704
945.1808731742442 5.831935236646043E-6 -26.442916952279937 0.003952121345371595 -0.013740282750618116
944.4063540387331 5.738997519879507E-6 -26.27772371000708 0.006103544006385131 -0.012789616686117222
943.6331032080407 4.325038043247704E-6 -26.090113538452535 0.007270450916752713 -0.009911658592181571
942.8611175693693 2.399680110139765E-6 -25.799632309857834 0.0072972689322882145 -0.005518013768988417
942.0903940200986 1.1050292631351695E-6 -25.193665018016745 0.0061978428508446815 -2.571983242178888E-4
941.3209294677449 1.2383286676232763E-6 -24.26625125478261 0.004150434601209896 0.00508179595139846
940.5527208299197 2.7666215403635945E-6 -23.731863152011872 0.001468922499220482 0.009688525409425441
939.785765034288 4.8289729744273995E-6 -23.469442626157814 -0.0014451554830208213 0.012854752337853714
939.0200590185285 6.2343700535673415E-6 -23.29403173406689 -0.004162388473087253 0.014083872219392557
938.2555997302912 6.166042136957753E-6 -23.135913113891732 -0.006288221786660664 0.013169213425965554
937.4923841271584 4.673985740915021E-6 -22.94748223419639 -0.0075194994621846645 0.01022888748020856
936.7304091766033 2.657170469135631E-6 -22.647934509564138 -0.007686774807328045 0.0056913790248385165
935.9696718559501 1.3376472145843372E-6 -22.045046786061956 -0.006776564081910408 2.3353596709330127E-4
935.2101691523346 1.533291070396226E-6 -21.187235637755858 -0.004930729062665451 -0.005320081185678394
934.4518980626636 3.1616967020021835E-6 -20.67481952340468 -0.0024235226848157154 -0.010121524826080863
933.6948555935758 5.276390599544892E-6 -20.411513912250726 3.799711981400389E-4 -0.013428712306063573
932.9390387614021 6.62240976263801E-6 -20.233687915516352 0.003077682859232933 -0.014719901109725986
932.1844445921269 6.386577071015493E-6 -20.073236418353794 0.005288738773928214 -0.013775731831538018
931.4310701213485 4.695362724712815E-6 -19.880524457958394 0.0067075790334822916 -0.010715953524981808
930.6789123942407 2.5567516488288626E-6 -19.56616951729052 0.007146363692020596 -0.005984736597714452
929.9279684655141 1.270708566419471E-6 -18.912617868697858 0.0065598491825069605 -2.862722923447081E-4
929.1782353993776 1.652249921601941E-6 -18.03912232721207 0.005049529743549996 0.005520026621691876
928.4297102694997 3.5301758703196677E-6 -17.561795629806575 0.0028468487421263733 0.010549138459199525
927.6823901589714 5.8281185443832744E-6 -17.318046007283463 2.7825488132493525E-4 0.014025319643129919
926.9362721602675 7.191262088557031E-6 -17.1510752563638 -0.0022826102564476036 0.015401719510050038
926.1913533752092 6.794018249908851E-6 -16.998219671135775 -0.004468597059206103 0.014446298270111624
925.4476309149268 4.847938978971547E-6 -16.81138963497445 -0.005970921757324055 0.011280582563457875
924.7051018998213 2.4988598415221397E-6 -16.496044446509934 -0.0065819532280574355 0.006364859735460304
923.9637634595292 1.1617461417198999E-6 -15.796645300955717 -0.006223054860689081 4.315272365249534E-4
923.2236127328831 1.6795703116942748E-6 -14.878764999710896 -0.0049538304091145124 -0.005623752422024231
922.4846468678772 3.806157770715896E-6 -14.42247177883156 -0.002961791902206412 -0.010876902261982097
921.7468630216291 6.3297570183834125E-6 -14.193401936575953 -5.342173817441676E-4 -0.014515968081702774
921.0102583603435 7.777566348352063E-6 -14.033011353614913 0.0019835864002776815 -0.015965956514579605
920.2748300592771 7.292666534060064E-6 -13.880914999511642 0.004237587341756721 -0.014978776961971335
919.5405753027007 5.162739915575198E-6 -13.6876511933668 0.005914923547807649 -0.011674232132734386
918.8074912838654 2.6764432497896265E-6 -13.351532093007119 0.00678745162775192 -0.0065253390857321625
918.0755752049644 1.3774642098395238E-6 -12.628756151977797 0.00674299568030208 -2.8969524004973657E-4
917.3448242770991 2.147087272259082E-6 -11.7749709559574 0.0058001299574863135 0.006103146165529344
916.6152357202438 4.657763971509983E-6 -11.35265984322853 0.004104651110413637 0.011691521336705146
915.8868067632093 7.53117655645946E-6 -11.136541036887781 0.0019084304800867646 0.015627644579503774
915.1595346436086 9.122679931840718E-6 -10.988090408291455 -4.662639531258367E-4 0.017307534586926354
914.4334166078216 8.480765911767182E-6 -10.854145358415433 -0.002671943544401534 0.016464924914487533
913.7084499109607 5.917955783358066E-6 -10.694672498459255 -0.0043843068037604516 0.013214525077458933
912.9846318168361 2.849712226006696E-6 -10.427983049168748 -0.005347241360952992 0.008037601189677224
912.2619595979208 9.855269002404217E-7 -9.750728746369166 -0.005408308134820267 0.0017115891251581195
911.5404305353179 1.3407407064909593E-6 -8.630369825012004 -0.004539934846569345 -0.004805987125192535
910.8200419187242 3.649816801170099E-6 -8.137371650401175 -0.0028435087254055497 -0.010521953714385676
910.1007910463986 6.530866341051456E-6 -7.910223139545781 -5.358762810838968E-4 -0.01455846552869321
909.3826752251266 8.309448869747794E-6 -7.746420903112398 0.002079879135381546 -0.01628752565200564
908.6656917701874 8.016903967305447E-6 -7.580375284496753 0.004655415338414265 -0.015428368130156536
907.9498380053208 5.9694083244276755E-6 -7.358388796360689 0.006844342068961853 -0.012092529425200865
907.2351112626928 3.577695232638631E-6 -6.983902862580269 0.008349324817427478 -0.006769304687702038
906.5215088828637 2.493476697287196E-6 -6.330893243780057 0.00896276618414088 -2.533407779265473E-4
905.8090282147543 3.5975297265031756E-6 -5.657029155273655 0.008595606674371897 0.006475015714464766
905.0976666156134 6.4365188891477746E-6 -5.263384140638898 0.0072903622637376375 0.012398678246971967
904.387421450985 9.45512687196115E-6 -5.035983947349941 0.005216602347840826 0.016619512457839603
903.6782900946758 1.08974141949336E-5 -4.874105028101454 0.002649396486098632 0.018496961154212663
902.970269928723 9.84688559620439E-6 -4.728092753965882 -6.648108278867193E-5 0.01774821049956296
902.2633583433617 6.782869515867586E-6 -4.556892216667329 -0.00256189864533668 0.01449420957430185
901.5575527369931 3.312383676350649E-6 -4.2794804180853845 -0.004492282452224661 0.009244012096193355
900.8528505161529 1.2287903402153515E-6 -3.6286207197016225 -0.005583604890274707 0.0028192924294919985
900.1492490954787 1.4580801049446324E-6 -2.5742129543036683 -0.005669291716961733 -0.003769926720200406
899.4467458976792 3.531016268900445E-6 -2.051628803176314 -0.004713053516377574 -0.009479717723353931
898.7453383535023 5.910281920926566E-6 -1.7973707571822501 -0.0028144791558988858 -0.013393445540437088
898.0450239017039 6.9846158851238675E-6 -1.6034642137768529 -1.9650263184811667E-4 -0.014865042406479567
897.3457999890168 6.125984028281909E-6 -1.3858519366522941 0.0028237247463393234 -0.013622188089839726
896.6476640701192 4.147712479017212E-6 -1.0506593913537827 0.005876775913892657 -0.00981314620021817
895.9506136076049 2.8483044329457228E-6 -0.45423362219179353 0.008590147348311178 -0.00398947167169561
895.2546460719511 3.880033312415103E-6 0.2531049199083313 0.010638105160576283 0.002973459047513727
894.5597589414889 7.613073520461716E-6 0.6845039687606018 0.011785388653415801 0.010006612076546462
893.8659497023727 1.2706830779969837E-5 0.9113681641621127 0.011918723570350037 0.016008803395193227
893.1732158485493 1.670842369227479E-5 1.0464608315729294 0.011061679776199318 0.020015210947635365
892.4815548817282 1.7391706306613768E-5 1.1377093990842297 0.009370636791096398 0.021347234259961212
891.7909643113517 1.4084781572459903E-5 1.20521757839267 0.007112206930777992 0.01972062796360674
891.1014416545646 8.1954560690154E-6 1.2576975951154452 0.0046250631409114895 0.015294961905660764
890.4129844361847 2.5746745334497164E-6 1.29473485703339 0.0022713671455005247 0.008656225340402918
889.7255901886729 2.2130970248251806E-8 1.0690037422181717 3.845690821057124E-4 7.34481547625912E-4
889.0392564521043 1.7529346936647355E-6 -1.6960992425247383 -7.789899730799021E-4 -0.0073316352089269204
888.3539807741383 6.700752453379492E-6 -1.665129850726096 -0.0010776196290447349 -0.01436361457879579
887.6697607099893 1.2081737588071807E-5 -1.616395063442667 -5.053119722858573E-4 -0.019319787580263557
886.9865938223986 1.4931594691813975E-5 -1.5526410674175963 8.071344138204928E-4 -0.0214534788921812
886.304477681604 1.3762021726386074E-5 -1.463101273541497 0.0026114755014091245 -0.020428615592240042
885.6234098653123 9.395121105400145E-6 -1.3175529931583725 0.004579445929678377 -0.01637508040298566
884.9433879586697 4.487428625112999E-6 -1.0185643107096922 0.0063530748882317176 -0.009875089405366185
884.2644095542342 1.9985503589435044E-6 -0.2622078109572783 0.0076006351191269875 -0.0018822374782725276
883.5864722519461 3.4694698189995433E-6 0.6521920060947934 0.008069875489274996 0.006414982551864935
882.9095736591003 8.098727704229833E-6 1.045187371087117 0.007630297733813678 0.013764969425625481
882.2337113903184 1.3163150729508946E-5 1.2318322006703895 0.006297586999234092 0.0190345246504183
881.5588830675202 1.5570050030893624E-5 1.3556996474891676 0.004235750334522899 0.021373003492742113
880.8850863198959 1.3681009171812827E-5 1.4661942434676902 0.0017357439697108998 0.02033464585372413
880.2123187838788 8.382104688623419E-6 1.6031833887890699 -8.270671531998633E-4 0.015940977883581745
879.5405781031169 2.7857306243112126E-6 1.8895503912543319 -0.003050895840222785 0.00867429193366695
878.8698619284461 7.016584479216422E-7 3.2518188253238662 -0.004572570272090334 -5.96297493548878E-4
878.200167917862 4.684784661228269E-6 4.2475125108949285 -0.005129703711128655 -0.010744471100379308
877.531493736494 1.4683345188780007E-5 4.472280889361507 -0.0046099969007956584 -0.020551809450338625
876.8638370565765 2.7967616164113918E-5 4.586733124221986 -0.0030791309390549824 -0.028882887805139628
876.1971955574228 4.032635582842034E-5 4.670512365595442 -7.815687028112604E-4 -0.03484350532473773
875.5315669253987 4.7873545042580344E-5 4.74270329364446 0.0018875093771303104 -0.03789800498988694
874.8669488538943 4.855932953084713E-5 4.809381092852796 0.004436490989540054 -0.03792819435334319
874.2033390432991 4.272835263602996E-5 4.871315442459327 0.006350913342672241 -0.03522565775508545
873.540735200974 3.262842567830843E-5 4.924601109895669 0.007175936830936733 -0.030419811539359708
872.8791350412254 2.1296421810552986E-5 4.957400260988791 0.00659521956259136 -0.024354239504919842
872.2185362852792 1.1449522260587792E-5 4.938463965050786 0.004493413920605403 -0.017932048714049787
871.5589366612545 4.829210551571429E-6 4.775653385231152 9.91181063600008E-4 -0.011955898507172425
870.9003339041374 2.066179404514867E-6 4.222415554054152 -0.0035548720208961916 -0.006989178910192758
870.2427257557551 2.841317805718767E-6 3.4850039492649003 -0.0085900028945461 -0.0032613882653779935
869.5861099647502 6.096398520885632E-6 3.1692721118649274 -0.01343388093914551 -6.335946140957824E-4
868.930484286555 1.0259176482248982E-5 3.043480148953215 -0.01737924634191637 0.0013699297331684415
868.2758464833657 1.3665239517276044E-5 2.948745280015352 -0.019803372572099874 0.003468695851986085
867.6221943241176 1.5344554883184272E-5 2.812515888324988 -0.020276054078882035 0.006486644692217922
866.9695255844584 1.603652995985981E-5 2.5816787617582335 -0.01864715633425559 0.011189431099827233
866.3178380467248 1.8899371400236225E-5 2.2458869962357255 -0.015098628630798236 0.01812565274935346
865.6671294999159 2.9224136043556076E-5 1.904941123425644 -0.010150183174025346 0.027499287115802285
865.0173977396686 5.279044037073418E-5 1.6688227947168173 -0.0046141002723265115 0.03909610759765088
864.3686405682332 9.324357820483967E-5 1.5418214067476725 4.97987706767965E-4 0.05227854419373657
863.7208557944483 1.4963680162924955E-4 1.4892641405038134 0.00410599571473088 0.06605259070532482
863.0740412337154 2.1554971229898465E-4 1.4856174602827679 0.005213181839965263 0.07919863041497724
862.428194707976 2.806545950045127E-4 1.5175533713838902 0.003057687379363792 0.09044732283079124
861.7833140456852 3.344080519991292E-4 1.579298415302162 -0.0027588102585063487 0.09867371653197173
861.1393970817893 3.702975635530363E-4 1.6690220536203455 -0.012186136726399285 0.10307888225743603
860.4964416576996 3.8851933173315786E-4 1.7859859804682756 -0.024700076176901037 0.10332933062800004
859.8544456212703 3.955500225243731E-4 1.9274504805239445 -0.03934417811461336 0.0996302728512897
859.2134068267726 4.006189980204128E-4 2.0854471574780433 -0.054837343606381934 0.09271861471018211
858.5733231348721 4.108036510856287E-4 2.2455497416070855 -0.06973570756258429 0.08377399415139833
857.9341924126047 4.273707956582218E-4 2.39003958448248 -0.08262847979810922 0.074259277826873
857.2960125333524 4.454592724665762E-4 2.503647001010016 -0.09234100885172415 0.06571365358808506
856.6587813768205 4.5742064670496936E-4 2.5767878399235755 -0.0981155096905762 0.05952988179288641
856.0224968290131 4.5805005937970644E-4 2.6048437318271667 -0.09974130644642171 0.05675094766978936
855.387156782211 4.487614542907736E-4 2.586617249147352 -0.09761214924758016 0.05791954287470287
854.7527591349475 4.382598206986363E-4 2.5251713493774304 -0.09269759541042401 0.06300659221247407
854.1193017919853 4.392509053253536E-4 2.4314435703862287 -0.08642743066680819 0.07143338041472966
853.486782664294 4.63091630360869E-4 2.3263795751608143 -0.08050101924130885 0.08218740505955717
852.8551996690263 5.155879710374488E-4 2.2353050230841873 -0.07664544261116313 0.09401705907126329
852.224550729496 5.965058094956321E-4 2.1770383090452583 -0.0763554663212249 0.10567697296601176
851.5948337751546 7.030505098414424E-4 2.1581495261550003 -0.0806532106871115 0.11618647594603931
850.9660467415689 8.349736505989275E-4 2.1746418981293587 -0.08990489095108768 0.12505978705367948
850.3381875703986 9.97797938627609E-4 2.21564775589637 -0.10372586392118127 0.13246904199758047
849.7112542093736 0.0012018889543990226 2.266497059139404 -0.12099401861472961 0.13930996062222348
849.0852446122711 0.0014582349809773997 2.3117540313615237 -0.13997661450232057 0.14715375860707003
848.4601567388952 0.0017749391945539583 2.33823908339307 -0.15855897993426019 0.15808586784394768
847.835988555052 0.002159337007842735 2.33702502119597 -0.174547400690004 0.1744496543531155
847.2127380325303 0.0026281272796751594 2.3041886671976144 -0.1860054822471672 0.1985289151777892
846.5904031490774 0.003222770661432322 2.241143839427032 -0.1915753947433394 0.2322140118688722
845.9689818883785 0.0040223634434054635 2.1548654185648743 -0.19073421597305415 0.27670117316838866
845.3484722400348 0.005144486208313726 2.05694055554536 -0.18394169636009444 0.33227179882556573
844.728872199541 0.0067280418991684 1.9604667783496765 -0.172648766558332 0.3981886379138043
844.1101797682653 0.008899976983655458 1.8760985025765322 -0.1591545394193581 0.47272973020031556
843.4923929534258 0.011736445437908513 1.8098527085869804 -0.1463210780207801 0.5533611861321519
842.8755097680712 0.015233783799181172 1.763446414455771 -0.13717686040090354 0.6370291046944336
842.259528231058 0.019302421862222818 1.7358347835478085 -0.13445850848327046 0.7205323088500267
841.6444463670297 0.023787837136503686 1.7245819482676552 -0.14015303882344013 0.80092402594763
841.0302622063964 0.028510907752572107 1.7266163201047249 -0.15510738865265536 0.8758844066138786
840.4169737853126 0.03331147649733112 1.7385008716874353 -0.17876707022978797 0.9440080862857019
839.8045791456572 0.03807831255994426 1.7564794620632824 -0.2090915926373289 1.0049618254737256
839.1930763350123 0.04275661725457778 1.776510101329123 -0.24267219843885804 1.0594853019923083
838.582463406642 0.04733663869325151 1.794408991684051 -0.27505015792738086 1.1092309116604242
837.9727384194731 0.051836853517821954 1.806139719939921 -0.3012049325086005 1.1564626889372567
837.3638994380727 0.05629651067695879 1.8082067947452174 -0.3161550108378784 1.2036565585003713
836.7559445326295 0.060783702117933554 1.7980739494408553 -0.3155940979831062 1.2530606263836854
836.148871778932 0.06541108971640458 1.774526759926644 -0.2964749005393875 1.306282375723578
835.5426792583486 0.07034048182108275 1.7379056824366188 -0.257454130080509 1.363967856674098
834.9373650578084 0.07575744150623642 1.690125196513776 -0.19912612989482575 1.4256260972365542
834.3329272697792 0.08181035020482079 1.6343957650594092 -0.12399758101609154 1.4896313754463995
833.7293639922495 0.08852947327953477 1.5746392352379388 -0.0361892645151682 1.5534094274815369
833.1266733287069 0.0957595439056978 1.5147341526371747 0.05911131991412043 1.6137848944871538
832.5248533881189 0.10314313206745045 1.4578325285664775 0.1563855867965456 1.6674406188456268
831.9239022849134 0.11017690346040256 1.4059428479927547 0.25061573998026654 1.7114189700273523
831.3238181389586 0.11633403584739786 1.3598126969727957 0.3381004760783004 1.7435846620294653
830.7245990755433 0.12121700091580485 1.3190097922928743 0.4171359505167967 1.7629696921958986
830.1262432253579 0.12469065119648165 1.2820766415614884 0.48845332709607925 1.769934597423594
829.5287487244743 0.12695428993091387 1.2466976400072554 0.5553298406883526 1.766104882399465
828.9321137143274 0.12853914703010877 1.2099042337689099 0.6233291404588848 1.754074201481381
828.3363363416946 0.1302492796665174 1.1684041455501841 0.6996742986221384 1.7369022833862187
827.7414147586782 0.13308082128118537 1.119117256982669 0.7923073618493413 1.717470492506159
827.1473471226846 0.13814563366059354 1.0599002274827996 0.9087360515620476 1.6977860519572805
826.5541315964063 0.1465950849678186 0.9902489695922156 1.0548046757024991 1.6783427079282132
825.9617663478034 0.1595074611295263 0.9115969243233053 1.2335470005252753 1.657647750118226
825.3702495500831 0.17769379514219613 0.8268982683102379 1.4442800510212004 1.6320114708024462
824.779579381683 0.20140798366952217 0.7395914485813222 1.682078253809225 1.5956661819639548
824.1897540262503 0.230012698490887 0.6524712667078134 1.9377283752492525 1.5412408350818891
823.6007716726248 0.26172355506472267 0.5670066069324449 2.1982113321968937 1.4605689963280821
823.0126305148198 0.2935881238759254 0.4832453689763483 2.4476933731090207 1.345758610986334
822.4253287520031 0.3218195928647323 0.400091532786675 2.668944053661366 1.1904083451921763
821.8388645884799 0.34249242538984104 0.3156774453467932 2.845040130041929 0.990823642670837
821.2532362336729 0.35245357761391816 0.22768238406771246 2.961170731520763 0.7470710478156979
820.6684419021055 0.3501723273974165 0.13359021822144257 3.0063361893246903 0.46371489780927017
820.0844798133829 0.3362127883076596 0.030968243061373357 2.974734532232846 0.15010675027507972
819.501348192174 0.3131041547470906 -0.08210852395423984 2.866656770121274 -0.1798572246467041
818.9190452681939 0.2845886034266125 -0.20637570089623836 2.6887623361924673 -0.5085368401818713
818.3375692761854 0.25447316135980314 -0.3404571384820869 2.4536741010318774 -0.8158663254696394
817.7569184559018 0.2254962365350777 -0.48001924963489273 2.1789104397660655 -1.0810849724780445
817.1770910520883 0.19865127863376855 -0.6176220094744806 1.8852506535263767 -1.2847177294046268
816.5980853144652 0.1732554953362439 -0.74366681471232 1.5946999704078824 -1.4106030831891283
816.0198994977097 0.14775692486525577 -0.8478592519937251 1.3282725670314486 -1.4477471394016739
815.4425318614386 0.12095316916002766 -0.9197218256826787 1.1038387140630128 -1.3917895214472054
814.8659806701911 0.09308848217853948 -0.9468181258921575 0.9342812830424889 -1.245898784566609
814.2902441934104 0.06630524797007498 -0.9099153753503728 0.8261769111164345 -1.0209695959080851
813.7153207054275 0.04416775713359682 -0.7757349054104239 0.7791611180483751 -0.7350652818481311
813.1412084854438 0.030365672184541503 -0.5023455601433398 0.7860608621031763 -0.41212962600412395
812.5679058175131 0.02708399439338479 -0.11518946679539965 0.8337911749031395 -0.08007189987000374
811.9954109905256 0.033728934038816646 0.23110540604786678 0.90492485050207 0.23160025896948566
811.4237222981901 0.04662151849569649 0.44785720241579696 0.9797661035027803 0.49437266280541814
810.8528380390171 0.0599229281480974 0.5624083094515768 1.038699993773259 0.6832849225468478
810.2827565163027 0.06756402125169951 0.6123992427699179 1.0645563381271674 0.7792021991073458
809.7134760381106 0.06551267018821037 0.6160558966723215 1.044723766774932 0.7705683818599858
809.1449949172564 0.05351302769482826 0.5727722136996718 0.9727768962227499 0.6544631196006603
808.5773114712905 0.03556839135134537 0.45556605381379 0.8494339923174882 0.4368569708259258
808.010424022481 0.018877827792316774 0.17159293913785945 0.6827374688349702 0.13204217682073205
807.4443308977984 0.011515826659466457 -0.4748243061862851 0.4874361817954203 -0.2386981332567561
806.8790304288977 0.01964092221257291 -1.1782482851848997 0.2836365201081932 -0.6490416237084575
806.3145209521037 0.04523631046378938 -1.5018146746448622 0.09486851856762067 -1.0699967615020616
805.7508008083926 0.0852311575241683 -1.6270558908538533 -0.0542253793768977 -1.472449344960057
805.1878683433777 0.13237642644789108 -1.6667969182125262 -0.14033440008608072 -1.829631076649958
804.6257219072919 0.17762764175119988 -1.657997018805915 -0.14380309904578747 -2.1192704875443438
804.0643598549723 0.2132480554520509 -1.6120041368570313 -0.05060087551555548 -2.325226489921512
803.5037805458439 0.23558476433385725 -1.5303406469015783 0.14625178511254586 -2.438464940661574
802.9439823439034 0.2465765966691687 -1.410730393268743 0.4459259104661697 -2.457311644593573
802.384963617704 0.25347919978648203 -1.2519674220767527 0.8397466628151611 -2.386992786003877
801.8267227403385 0.2668803633901958 -1.060163356335309 1.3118510214753898 -2.238547181123476
801.2692580894244 0.29761973791861274 -0.853110087331423 1.8404465192976258 -2.0272561070745803
800.7125680470879 0.3535440886389386 -0.6552079327723774 2.399522609766552 -1.7707795505993222
800.1566509999479 0.43703495972041606 -0.4849308251677371 2.9608317763995906 -1.4872086067138457
799.6015053391013 0.543965711411755 -0.348372089731285 3.4959455374933768 -1.193241176574917
799.0471294601065 0.6642967150658614 -0.24257403085844942 3.978200655843529 -0.9026634830573049
798.493521762968 0.7840587621656714 -0.16110900185441324 4.384380019628402 -0.6252770523431941
797.9406806521224 0.888144416174204 -0.09730593527575593 4.696015551021657 -0.36635534555065485
797.388604536421 0.9632013972494392 -0.04529000337912237 4.900250540445537 -0.12665290243928695
796.8372918291161 1.0 0.0 4.990249067812969 0.09707032325625353
796.2867409478451 0.9948645580347295 0.04312480782247263 4.965184349780114 0.3110993540584761
795.7369503146157 0.950025560019841 0.08852085566888235 4.829871085542496 0.5235190343686454
795.1879183557903 0.872981651422175 0.14085359564476363 4.594126332356415 0.7428266446693117
794.6396435020717 0.7751113487368562 0.20528745739047594 4.271948578182246 0.976561525386338
794.0921241884877 0.6698358952661153 0.2875181145256889 3.880597136507938 1.230099827524244
793.545358854376 0.5706308502562166 0.3931793869452136 3.4396371905647047 1.5057367385191829
792.99934594337 0.48914895910859624 0.525942497084003 2.9699943025436903 1.8021419113836683
792.4540839033837 0.4336766379305841 0.6839131503365721 2.493040836884073 2.114230989268756
791.9095711865966 0.40810870524223714 0.8561616416194511 2.029719883663069 2.4334519541090804
791.3658062494401 0.411581444168478 1.0242382166816384 1.599703058404271 2.7484441136385076
790.8227875525816 0.43883654526359583 1.1702233006333316 1.2205784468858163 3.0459936710976265
790.280513560911 0.4812884434108298 1.2840411956892126 0.9070735006076248 3.3121856819969273
789.7389827435258 0.5286421631901523 1.3638740522063841 0.6703326185857977 3.5336392059082335
789.1981935737166 0.5707840047327942 1.4123920883441201 0.5172868339614509 3.698710754509897
788.6581445289532 0.5995812048414093 1.4333865055969 0.45016906781810206 3.7985597488557605
788.11883409087 0.6102155463745447 1.430146450169289 0.46623844094445477 3.827986798635365
787.5802607452514 0.6017594535620233 1.4050718625223837 0.5577775621819007 3.7859788321713346
787.0424229820186 0.5768731733218987 1.3599140999018928 0.7124154111390977 3.6759218527470767
786.5053192952143 0.5407197566055281 1.296342073091182 0.913805178822793 3.505469869562315
785.9689481829898 0.49940066398414423 1.2167003675261938 1.1426530571008313 3.2860851518523173
785.4333081475902 0.4583450713621764 1.1247900251923824 1.3780542056680722 3.032288631683968
784.8983976953407 0.42109436317691296 1.0263439229667455 1.5990511261499225 2.760678784419918
784.3642153366328 0.3887997672068361 0.9288169603340464 1.7862933037396933 2.488791873412584
783.8307595859103 0.3605285231173386 0.840430419881919 1.9236509674311022 2.2338856867393893
783.2980289616559 0.3342206064125221 0.7689670000829167 1.9996248969309742 2.0117327494404456
782.7660219863767 0.30793605131349083 0.7210002872548102 2.0084013343683047 1.8355075986416458
782.2347371865917 0.28095030108581365 0.7017632269834237 1.9504269178072604 1.7148463256402762
781.7041730928172 0.25432055495370853 0.7151615531006641 1.8324213042368203 1.6551455799953056
781.1743282395535 0.2307375150110911 0.7630462053366358 1.6668005694962749 1.6571530620096382
780.6452011652718 0.21372754899690993 0.8430790204627598 1.470546421488402 1.7168828127263718
780.1167904124003 0.20649237755054492 0.9459666832121982 1.26361743521064 1.8258671563266438
779.5890945273111 0.21079017602612493 1.0553049373104457 1.067051378263089 1.9717340198831539
779.0621120603066 0.22623568394296698 1.152712214088858 0.9009454734478497 2.139074880538827
778.5358415656066 0.250242115765749 1.2247984847919042 0.7825190527125103 2.310546343267844
778.0102816013346 0.27860455712370996 1.265840807105974 0.7244577992008401 2.4681290644662464
777.4854307295051 0.3065149743700342 1.2757437429936687 0.7337107554795322 2.5944531572073095
776.9612875160103 0.3296751145376873 1.2569297184261146 0.8108634387997407 2.674090928469463
776.437850530607 0.3451716589467641 1.212360562491206 0.9501481949093187 2.694717025363821
775.9151183469033 0.3518874190784392 1.1447946727417104 1.1400836219125314 2.6480434638021726
775.3930895423466 0.3503935557754647 1.0567575791258506 1.3646667066567426 2.5304525223789724
774.8717626982092 0.3424344452861654 0.9508054623957563 1.6049823200807505 2.3432732514272425
774.3511363995773 0.33022244324572353 0.8298273490712305 1.8410518505377107 2.0926757249338253
773.8312092353362 0.31577771237072355 0.6972206244837693 2.053720927950308 1.7891888170818133
773.3119797981592 0.3004874559291402 0.5568395944632698 2.2263876857871985 1.446879394693036
772.7934466844941 0.28495510611580466 0.4127150001369131 2.346397202933761 1.0822603503828034
772.2756084945506 0.2691076721275766 0.2686588437188533 2.405971259826158 0.7130189388824572
771.7584638322879 0.2524629914443556 0.12792702674219214 2.4025996187284457 0.35667294111750614
771.242011305402 0.23444123115335633 -0.006936308045574435 2.3388824400740984 0.02926852207808231
770.7262495253134 0.21462822973437912 -0.13405977885507525 2.221875331391483 -0.25577052088660346
770.2111771071544 0.19294089844332515 -0.25208389773811035 2.0620414748861866 -0.48854682175150393
769.6967926697566 0.1696851326440973 -0.35996977947846176 1.8719532393758902 -0.6632748055111068
769.1830948356394 0.14552175244094917 -0.4568407727393975 1.66490469580131 -0.7785052093376659
768.6700822309964 0.12136503461504895 -0.54188487680657 1.4535951073823332 -0.8369801340374883
768.1577534856845 0.09823867880672926 -0.6143276920279419 1.2490229760825637 -0.845143770741384
767.6461072332105 0.07711387794841752 -0.6734921080753864 1.0596941976329204 -0.8123646433917077
767.1351421107196 0.0587569861697826 -0.7189905289430314 0.891201727618017 -0.7499498325807484
766.6248567589835 0.0436171292488309 -0.7511395505302829 0.7461843438823875 -0.6700478956503017
766.1152498223876 0.031780682040936384 -0.7717118636191671 0.6246251962742089 -0.5845436908287096
765.6063199489199 0.02300554306988844 -0.7850458918361056 0.5244127108732268 -0.5040447213439754
765.0980657901583 0.016825348052174796 -0.7991422650925131 0.442061419951435 -0.43704566827932234
764.5904860012588 0.01269030829858373 -0.8256312964835146 0.37348077420500364 -0.3893371494891818
764.0835792409442 0.010097928296684025 -0.8769715367607986 0.3146860893183131 -0.36369881989386066
763.5773441714916 0.008670987081888917 -0.9603085583375801 0.2623654847394322 -0.35988854013851185
763.0717794587212 0.008161791666123963 -1.0710773356464927 0.21424624548095833 -0.37491141330548605
762.566883771984 0.00839246974454188 -1.193129976384391 0.16923860333057256 -0.4035277318407223
762.0626557841506 0.009167871688747078 -1.3078271179385652 0.12736923023179636 -0.4389395010562568
761.5590941715993 0.010208708312988347 -1.4033702697943724 0.08954588065183045 -0.47358272282896396
761.0561976142048 0.011142875699061373 -1.4763000584747985 0.05721478557667353 -0.49994773407182375
760.5539647953266 0.011566625793720982 -1.527784623031593 0.031981316894109615 -0.5113524794372061
760.0523944017968 0.011155616087274596 -1.5598899876295036 0.015261641354604616 -0.5026028003599068
759.5514851239097 0.009782273176420683 -1.5732016456963294 0.008019884908529229 -0.4704882102090169
759.0512356554101 0.007589994214701908 -1.5645932651033974 0.01062454730876733 -0.41407939806419836
758.5516446934812 0.0049886133726940885 -1.5221539220662876 0.02283336532133176 -0.334812923109825
758.0527109387347 0.002563478365602315 -1.4066442971800512 0.043891723437201165 -0.23636736919373547
757.5544330951979 9.215618393533721E-4 -1.0611442668213371 0.0727099781370774 -0.12435202765490329
757.0568098703039 5.209229842393243E-4 -0.07346016276397904 0.10807274732447461 -0.005842758149451798
756.5598399748795 0.0015368669445665658 0.6221920162560011 0.14883005656440573 0.11119071247052614
756.0635221231346 0.003807587997865395 0.8252426387612743 0.1940264192790491 0.21851645274427062
755.5678550326506 0.00687798284870887 0.8839391620956647 0.24293811868810838 0.3082801730947565
755.07283742437 0.010130558609708396 0.8829630770581645 0.2950085320919855 0.37360504102440656
754.5784680225848 0.012965911197863578 0.8440916892781161 0.349692828996741 0.40910891649183106
754.0847455549261 0.0149796933011166 0.7721395506945612 0.4062430418237618 0.41130448938870845
753.5916687523523 0.016082758965430096 0.6658240934122261 0.4634789300174578 0.3788574389924789
753.0992363491396 0.01652663098779602 0.5222853578810813 0.5195966749237919 0.31268827217959677
752.6074470828696 0.016823743473957646 0.34144956806827764 0.5720649572143152 0.21591430524636984
752.1162996944199 0.017583672091621965 0.13101048144396543 0.6176465523269163 0.09363879163306135
751.6257929279524 0.01931343474811401 -0.09195257562287651 0.6525648489908515 -0.04739600585370039
751.1359255309028 0.02224313380972951 -0.30738860675596413 0.6728114679797372 -0.1992663677701082
750.6466962539707 0.026232406020746994 -0.5020305004548646 0.6745670202934895 -0.35340279462414714
750.1581038511076 0.030788887604776896 -0.6728011141716479 0.6546858070438439 -0.501166176538456
749.6701470795076 0.035194238728039964 -0.8235060514112931 0.6111803790095791 -0.6344239876367324
749.1828246995963 0.03869798097784576 -0.960548931300238 0.5436359033022589 -0.7460857837575102
748.6961354750199 0.04071701637597629 -1.0904762246625523 0.4534884988958606 -0.8305598002298207
748.2100781726357 0.04097769044697956 -1.2190597902146507 0.34411587402111443 -0.8840977625109814
747.7246515625009 0.03955839198621609 -1.351036607986103 0.22071101276273705 -0.9050029535955983
747.2398544178627 0.03682623886684066 -1.4899472323764442 0.08993734888217134 -0.8936867029209897
746.7556855151475 0.033297970552437675 -1.6378387985832603 -0.04060696883088155 -0.8525700992638683
746.272143633951 0.029478951484952297 -1.7948421757061581 -0.16306156487065102 -0.7858399945117178
745.7892275570281 0.02573663769794406 -1.958866608421566 -0.27003878289856453 -0.6990802144201833
745.3069360702816 0.02224616988509768 -2.125801523787345 -0.35533600849227065 -0.5988092310316449
744.8252679627539 0.01901461702092421 -2.2904426587505426 -0.4145405334288921 -0.4919633488202475
744.344222026615 0.01596007151090055 -2.447837875263602 -0.4454535541955589 -0.3853688719312067
743.8637970571533 0.013004340277136884 -2.594348839721505 -0.4482811103791636 -0.2852472148027683
743.3839918527658 0.01013917150538658 -2.727903711335074 -0.4255680091552792 -0.19679334160608494
742.9048052149474 0.007443262860368954 -2.8474053797359886 -0.3818823165560262 -0.1238605482376194
742.4262359482815 0.005051579423623651 -2.9514339795875486 -0.3232886346183746 -0.0687741290922554
741.9482828604296 0.003098589630853337 -3.0359212526987136 -0.2566740621691638 -0.03228394911845875
741.4709447621213 0.0016648040596690537 -3.0889342149867005 -0.1890080799954149 -0.013652662702926456
740.9942204671456 7.497571180772619E-4 -3.075457280038087 -0.12662438192390865 -0.010863675277173263
740.5181087923395 2.790666365648379E-4 -2.8876359955385453 -0.0746081117619697 -0.020922256809937288
740.042608557579 1.3678336267703627E-4 -2.325292886939586 -0.03635682083351921 -0.04021559137047212
739.5677185857695 2.0455395108707992E-4 -1.7932827006243883 -0.01335990654913368 -0.06489373134801879
739.0934377028359 3.896350699690488E-4 -1.6473184141665627 -0.005212601162201104 -0.09123372215776583
738.6197647377126 6.326722330035195E-4 -1.6749959481441223 -0.009850654890896576 -0.11595339930890439
738.146698522334 8.977993017722188E-4 -1.76410392622428 -0.0239646869198099 -0.13644890998546916
737.6742378916258 0.0011558718254845433 -1.8710342647039013 -0.04353228539798902 -0.1509398844908477
737.202381683494 0.0013729131467154524 -1.9761086013459561 -0.06439390954196886 -0.15851715030652275
736.731128738816 0.0015105403439496159 -2.070089217329908 -0.08279679787072511 -0.15909863432654858
736.2604779014318 0.0015369667430966739 -2.1489462738911342 -0.09583930987806893 -0.15330841242044668
735.7904280181333 0.0014408650270591548 -2.211060764970796 -0.10176494833780492 -0.14230074855412353
735.3209779386558 0.0012390781350177555 -2.255519210033029 -0.10007812269715201 -0.12755477491081907
734.852126515668 9.730213498898024E-4 -2.2810116501749462 -0.09147918303742285 -0.11066596998272431
734.3838726047635 6.950142604313165E-4 -2.285042031862659 -0.07764079244518196 -0.0931579863147971
733.9162150644504 4.5103139521145467E-4 -2.26339836358531 -0.060867985259719815 -0.07633323228971113
733.4491527561428 2.677755459348039E-4 -2.2105182399775956 -0.04369766628967592 -0.06117377343501091
732.9826845441512 1.4918465975829667E-4 -2.1233306059324732 -0.028498285775896276 -0.04829659277741879
732.5168092956736 8.237902340943017E-5 -2.0140772363604214 -0.017126660891002822 -0.03796005384165143
732.0515258807861 4.855831870504391E-5 -1.9312919140748903 -0.010687333112455958 -0.030112437725601366
731.5868331724339 3.274093014069385E-5 -1.9578170332252114 -0.00942244535517631 -0.024469336165320467
731.1227300464218 2.7982233704287887E-5 -2.14400105833473 -0.012739632961325643 -0.02060482687254704
730.6592153814058 3.3443520889134206E-5 -2.411001691854267 -0.0193649170542449 -0.018041753472489496
730.1962880588835 4.91333130673691E-5 -2.626646641362612 -0.027590013910633912 -0.01632878680862233
729.7339469631856 7.14689749318229E-5 -2.759696896084023 -0.035571235800743645 -0.015095717675999968
729.2721909814663 9.256651728293711E-5 -2.8348521081357063 -0.0416317954411846 -0.014082933002356336
728.8110190036949 1.0340425842123913E-4 -2.873936296001311 -0.04452131742637293 -0.013145528114953682
728.350429922647 9.850512931217129E-5 -2.8874014527570964 -0.04359509540435544 -0.012236346256679055
727.8904226338947 7.897958430230294E-5 -2.8764868467943927 -0.038889540988621275 -0.011374912807520702
727.4309960357992 5.197132262626868E-5 -2.8321259745173037 -0.031087078959553836 -0.010610467403118537
726.9721490295009 2.6857031070772688E-5 -2.7240566363620076 -0.02138084176819591 -0.009987059531745893
726.513880518911 1.0500883409804406E-5 -2.4595209465843197 -0.011264347846450154 -0.009517159923965677
726.0561894107028 4.3154473980172545E-6 -1.8341799721331 -0.0022817852654343036 -0.009167830112015597
725.5990746143028 4.66320967454513E-6 -1.145691836715507 0.00422083351885167 -0.008860672525794994
725.1425350418828 6.075504698218428E-6 -0.8793842242464223 0.007305015220090295 -0.008484062301608704
724.6865696083498 5.139907562299772E-6 -0.896742760010433 0.006578443600505059 -0.00791398785231507
724.231177231339 2.651976379859524E-6 -1.2816545779702082 0.0022437039177323325 -0.007038520099812456
723.7763568312042 2.8168698216680873E-6 -2.298160346187778 -0.004947700197900527 -0.0057806391021060985
723.3221073310095 1.0137311629334828E-5 -2.871775505290209 -0.013826072131421265 -0.004114837544011388
722.8684276565215 2.600435527920068E-5 -3.0710799509810442 -0.02299626100352298 -0.002074394557682234
722.4153167361993 4.71204861429791E-5 -3.1691502615045906 -0.03106077381819397 2.5184817079832583E-4
721.9627735011876 6.672232317206204E-5 -3.2350790783374705 -0.03683780390167387 0.0027323502382696555
721.5107968853076 7.787731864871344E-5 -3.292120293987857 -0.03954043187544342 0.005212773043813679
721.0593858250486 7.692868140915148E-5 -3.352524812655844 -0.038890088504325626 0.007539144148602218
720.6085392595597 6.514160766546671E-5 -3.4271416335732283 -0.035148147529387275 0.009580095500031277
720.1582561306419 4.7722449106108146E-5 -3.5302068877784123 -0.029062500636861985 0.011244354077864782
719.7085353827389 3.093119889395324E-5 -3.682555322062086 -0.021739126030856648 0.012490709161181023
719.2593759629299 1.905457076900475E-5 -3.9057702736787405 -0.014459990346602343 0.013329178789291213
718.8107768209208 1.295721310807852E-5 -4.181462124785803 -0.008476440199805584 0.013813753889500277
718.362736909036 1.0863031284283026E-5 -4.401501051609657 -0.0048104352242482745 0.014028601461035455
717.9152551822106 1.0619650170550773E-5 -4.44868548597173 -0.0040941650090629556 0.014070688449102337
717.4683305979818 1.182353095784421E-5 -4.299681579279316 -0.0064721604131143945 0.01403226359804395
717.0219621164812 1.6345860864291975E-5 -4.040287628828345 -0.011580029205103204 0.01398644136823863
716.5761487004264 2.6874898664405878E-5 -3.805465680411295 -0.018602004665954422 0.013978331368497007
716.1308893151134 4.440424141115618E-5 -3.649354843439653 -0.02639744451995453 0.014022921185991515
715.6861829284082 6.633862850734005E-5 -3.5578001246632454 -0.033676085185156066 0.014109499300084871
715.242028510739 8.660052241996283E-5 -3.508876183907624 -0.0391947742320996 0.014211076667391506
714.798425035088 9.796345451312174E-5 -3.4895239643273257 -0.04194558122343126 0.01429628675299252
714.3553714769843 9.549323743464377E-5 -3.49519926246375 -0.04130696922808907 0.01434080072920775
713.9128668144947 7.924123875612697E-5 -3.5294468415206453 -0.03713573957598579 0.01433546995689021
713.470910028217 5.464799063688553E-5 -3.608330922574204 -0.02978675006897688 0.014289165640084825
713.0295001012717 3.0315218547719005E-5 -3.777915915085977 -0.020058489168741506 0.014225477604424316
712.588636019294 1.4216504599587418E-5 -4.162399654613523 -0.00907376086529632 0.014173827529941396
712.1483167704264 1.0250899745661331E-5 -4.864258556587956 0.0018856881515399715 0.014156871633695112
711.7085413453111 1.6843681709792296E-5 -5.416121108774227 0.011565197782673883 0.014177047459029812
711.2693087370815 2.8193277583413794E-5 -5.658502528624048 0.018915848386134623 0.014205551373827868
710.8306179413555 3.738049262875403E-5 -5.754869332095076 0.023239336073414205 0.014176808389099071
710.3924679562269 3.9654961146927086E-5 -5.779852474895719 0.024278227386416718 0.0139906260153706
709.9548577822588 3.425702687496845E-5 -5.756310104697654 0.022239332199845932 0.013522843653896333
709.517786422475 2.4041922205108582E-5 -5.683641570905209 0.017748185160964866 0.012643634796749348
709.0812528823529 1.3395703045381228E-5 -5.539073850760538 0.011742973796327633 0.011240989513496391
708.6452561698163 5.777785527939313E-6 -5.254397010287732 0.005325137755052584 0.009245607959472602
708.2097952952271 2.2576350028697803E-6 -4.670284788463384 -4.1001870481174874E-4 0.006652735438930801
707.7748692713783 1.6836086424221253E-6 -3.823163212558619 -0.004536874656411727 0.003536535088499604
707.3404771134867 2.1081763020602187E-6 -3.1693534732129223 -0.006432824372893359 5.3466189386730534E-5
706.9066178391851 2.40177951529291E-6 -2.6143716438713867 -0.005862102840673927 -0.0035672862749996925
706.4732904685151 2.9946409983900374E-6 -1.9926031165993123 -0.0029986977514055435 -0.007046232813074704
706.0404940239192 5.334968681983989E-6 -1.4316123673115655 0.0016136234141040373 -0.010086552955862249
705.6082275302347 1.051016431932458E-5 -1.0672660163014598 0.007156607805845788 -0.01241334476707967
705.176490014685 1.8011007930602305E-5 -0.8479042920887636 0.012672375820176635 -0.013813471090524776
704.7452805068729 2.551450087352776E-5 -0.7080804335650157 0.017216442937724397 -0.014169769140037314
704.3145980387735 2.9904509268668564E-5 -0.6125227987438393 0.020005211292701663 -0.013483829352394117
703.8844416447267 2.895812828509459E-5 -0.5440246482813791 0.02053557565006575 -0.011882967766786434
703.4548103614303 2.268815575688099E-5 -0.4950190396703462 0.01865898332056419 -0.009609235239036229
703.0257032279319 1.3512165771605824E-5 -0.46603477205503197 0.014599563472105878 -0.006991006796303045
702.597119285623 5.103035620073618E-6 -0.4779812833451018 0.008914647681030924 -0.004400461045010129
702.169057578231 5.497591185838564E-7 -0.7610017136189668 0.0024047955865221515 -0.0022026480700971796
701.7415171518123 8.587201219255353E-7 -2.987470383905894 -0.004012015139343239 -7.034513187315072E-4
701.3144970547456 4.620658413131059E-6 -3.1499986098498596 -0.009442195419402888 -1.0427997955764212E-4
700.8879963377241 8.986723776328172E-6 -3.1252732293977132 -0.01315243478758335 -4.7064979520361483E-4
700.4620140537488 1.134695425798319E-5 -3.044401804469544 -0.014679050114562275 -0.0017199773882987657
700.036549258122 1.0726820617842054E-5 -2.905421874595305 -0.013894563137919314 -0.0036311684023039303
699.6116010084395 8.12372833540518E-6 -2.671304550869813 -0.011022056296802751 -0.005875320377846882
699.1871683645843 5.65828899966203E-6 -2.275862114616068 -0.006595951078682438 -0.008063581437994127
698.7632503887188 5.117671326023402E-6 -1.7296673776468978 -0.0013760139199514576 -0.00980542089261438
698.3398461452794 6.804196502374415E-6 -1.253359385379241 0.0037716153494889992 -0.010768732935637959
697.9169547009678 9.382912046388234E-6 -0.9492345997808229 0.00800779657962214 -0.010732630283723843
697.4945751247454 1.0792713660741117E-5 -0.7544236494720096 0.010647701853933933 -0.0096246217409095
697.0727064878263 9.632737918324164E-6 -0.6091377915637963 0.01126285036849406 -0.007536020747646033
696.6513478636698 6.151336737947183E-6 -0.46997415263916764 0.009742782958682916 -0.0047126060206313936
696.2304983279745 2.213673545986834E-6 -0.2561112897693789 0.0063076435476956405 -0.0015212863322623393
695.8101569586711 2.49069590799099E-7 0.8089555462209503 0.0014705027208887778 0.0016027556767981288
695.3903228359154 1.8010357299062127E-6 2.3153674513517544 -0.004044120064893519 0.00422083090800307
694.9709950420823 6.548448153050582E-6 2.557840390393281 -0.009412557374855801 0.005957769980824201
694.5521726617586 1.2391240774565782E-5 2.679399482597354 -0.013837684663385863 0.006560952425161581
694.1338547817365 1.6565590290787433E-5 2.7797097904001973 -0.016668818854279843 0.00594205118486707
693.7160404910067 1.7147540147127466E-5 2.8868597889746255 -0.01749781849959331 0.004194634490199328
693.2987288807518 1.4078931385664562E-5 3.024758746007798 -0.01621725496420101 0.001584318585449801
692.8819190443409 9.134571192697163E-6 3.2358033231978425 -0.013032469644764788 -0.001487685136487893
692.465610077321 4.871028222574727E-6 3.6165778265216915 -0.00842641646405351 -0.004542665113945743
692.0498010774119 3.1854132529753866E-6 4.283022704995076 -0.003083324264943732 -0.0070957324206148975
691.6344911444994 4.322297294555828E-6 4.941606775111978 0.0022166767765111617 -0.008729725280090861
691.2196793806286 6.882269023221084E-6 5.3255468197054014 0.006715641300418684 -0.009160409506152378
690.8053648899975 8.783786183326841E-6 5.561574415973013 0.009790633100321577 -0.00828277607311323
690.3915467789506 8.572154523088019E-6 5.752829988623674 0.011044397663117045 -0.006190920436784042
689.9782241559725 6.2841293312369374E-6 5.9670003772458315 0.010360603946925728 -0.003167887697720695
689.5653961316813 3.3654954399288105E-6 6.308374690434448 0.007915928158584773 3.535934555141118E-4
689.1530618188224 1.720465606871942E-6 7.012434128153771 0.004147876269928741 0.0038540743992683812
688.7412203322623 2.493423465674665E-6 7.880947283533331 -3.1607711998671295E-4 0.006804885676328115
688.3298707889819 5.334490773825577E-6 8.33253558438318 -0.004756725056839828 0.008748596072115422
687.9190123080705 8.595869034059527E-6 8.569720542177599 -0.00847349702510869 0.009370176299726252
687.5086440107192 1.0334894676552061E-5 8.739855420369622 -0.010890142498925226 0.008547803529994069
687.0987650202148 9.508782738104907E-6 8.904253519909886 -0.011639892894397263 0.0063751577303803875
686.689374461934 6.630221461126999E-6 9.116812236554608 -0.010617613165704975 0.003151281503422365
686.2804714633362 3.47983514178071E-6 9.487855191802183 -0.007991624986261492 -6.610244145519029E-4
685.8720551539581 2.0423401757637485E-6 10.228556687905055 -0.00417406920437452 -0.004502459930953995
685.4641246654072 3.3037872683483986E-6 11.007532549019707 2.4507088254011045E-4 -0.007800298947829604
685.0566791313558 6.634807539256045E-6 11.404349825650968 0.004589782997019509 -0.010054850156545683
684.6497176875349 1.0136804581325437E-5 11.620466234171964 0.00820145956093793 -0.010916155337289749
684.2432394717276 1.1752947839973066E-5 11.775920258458562 0.010538217623394047 -0.010239059137681306
683.8372436237639 1.0487506667656974E-5 11.922656011770599 0.01125524118592984 -0.00810791019237378
683.4317292855136 7.009231759130611E-6 12.106991878891712 0.01025436883979916 -0.004826670138818323
683.0266956008811 3.2776578400639513E-6 12.433654381839183 0.0076959523871037855 -8.754420078217473E-4
682.622141715799 1.4091927223927597E-6 13.219044527890432 0.003971781355986095 0.0031604111251457567
682.2180667782218 2.4491980447584963E-6 14.171017014163283 -3.5627746439687025E-4 0.006678096856357341
681.814469938121 5.770795983227914E-6 14.587270125471605 -0.004642216076797906 0.009148966200495323
681.4113503474778 9.4498240379879E-6 14.79800964972312 -0.008253165786510475 0.010199861843444902
681.0087071602777 1.1389729554207425E-5 14.951843170128924 -0.010663308825878237 0.009671649858332465
680.6065395325052 1.0531676089492213E-5 15.102994773419582 -0.011530451740359049 0.007645670592003606
680.2048466221366 7.441908307403015E-6 15.29714326398313 -0.010744111425314617 0.004433641782799036
679.8036275891359 3.942825294287672E-6 15.625540483163988 -0.008438403140977435 5.320971216348225E-4
679.4028815954467 2.0210562639883696E-6 16.295749758581188 -0.0049683844896000195 -0.0034520964441363544
679.0026078049887 2.667794675270121E-6 17.136065870460307 -8.539821455300078E-4 -0.00689407021531796
678.60280538365 5.335383300683736E-6 17.602050903581045 0.003299610363220795 -0.009247172741152387
678.2034734992822 8.317145603214215E-6 17.85686178791036 0.006892823563453998 -0.010128333169129311
677.8046113216948 9.803596503726073E-6 18.04688294631194 0.009420183874241594 -0.009379299914657607
677.4062180226489 8.969445667341774E-6 18.237836072779004 0.010543260336608906 -0.007094019499099949
