64 64
7.503267973856212 -1.10186306185103 398.41864591455806
0.0 0.0 0.0 0.0 0.0 0.0 0.0 0.0 0.0 0.0 0.0 0.0 0.0 0.0 0.0 0.0 0.0 0.0 0.0 0.0 0.0 0.0 0.0 7.955925397317031E-6 2.1859059487674158E-7 1.2348024156703586E-4 7.807562253423603E-4 0.0023524838756578733 0.0056552459758266345 0.012245923291209703 0.028096786238264174 0.045707805895931444 0.06823734787985869 0.06941675348361798 0.05146545607013578 0.03084256094075162 0.016205621566384675 0.025005809381556336 0.026084228824872508 0.011342049235208125 0.0043938765389356345 0.0045671496576946465 0.010820532871660774 0.012800296033865805 0.010791476379158612 0.00893166874955068 0.005685995741277412 0.0023893995905184106 2.4081822624309645E-4 0.0 0.0 0.0 0.0 0.0 0.0 0.0 0.0 0.0 0.0 0.0 0.0 0.0 0.0 0.0 
0.0 0.0 0.0 0.0 0.0 0.0 0.0 0.0 0.0 0.0 0.0 0.0 0.0 0.0 0.0 0.0 0.0 0.0 0.0 0.0 0.0 0.0 0.0 1.3485009761866817E-4 1.5753579099028663E-4 9.823026758167663E-4 0.0031880555302643025 0.006623096017341066 0.011951144572275502 0.02102503977481293 0.036719291413262224 0.05767674548161959 0.0721655212873972 0.07627524097799734 0.0601882765373793 0.03494257304216409 0.019648534949941242 0.030968729927138516 0.031334023625864016 0.013636837771956066 0.005627654991593734 0.0057396166292721686 0.011966684767433733 0.012571252107499152 0.011325324362112614 0.0089515394621894 0.006327398617749527 0.0027934019754910283 4.184840109657112E-4 0.0 0.0 0.0 0.0 0.0 0.0 0.0 0.0 0.0 0.0 0.0 0.0 0.0 0.0 0.0 
0.0 0.0 0.0 0.0 0.0 0.0 0.0 0.0 0.0 0.0 0.0 0.0 0.0 0.0 0.0 0.0 0.0 0.0 0.0 0.0 0.0 0.0 0.0 1.1981806293832882E-4 0.0011726299552706385 0.003090729204077833 0.006550634031721391 0.011494516945178366 0.019290007649447764 0.029944356500670077 0.04027052884683234 0.06484918417722653 0.0797947809949146 0.08870275693023157 0.07016167902461874 0.04125564745617163 0.025861947243342797 0.03671570960694192 0.036668774574742526 0.017065397120603423 0.007045660201103829 0.0072603941597580044 0.013898623099799457 0.015016552831057045 0.013156459058733949 0.011120454051605555 0.00805896733697688 0.003942322967220381 5.963513087058078E-4 1.0562001684030731E-4 0.0 0.0 0.0 0.0 0.0 0.0 0.0 0.0 0.0 0.0 0.0 0.0 0.0 0.0 
0.0 0.0 0.0 0.0 0.0 0.0 0.0 0.0 0.0 0.0 0.0 0.0 0.0 0.0 0.0 0.0 0.0 0.0 0.0 0.0 0.0 0.0 1.5479567018097972E-4 5.289497264872277E-4 0.0027088802484131662 0.005941364555433015 0.010786497335234875 0.01754252259552616 0.02862757942994026 0.03717523104440075 0.04693002653568387 0.057366533229392606 0.08484924409655564 0.09773047535695398 0.08304202360105925 0.0511360794492238 0.03582598689788957 0.047909245608380446 0.047128007413455165 0.02481701126841647 0.009716744397969577 0.008007332865680398 0.01560444952946454 0.017700009344385433 0.01462740165182036 0.013314185575771964 0.009372137322023784 0.005321306148571838 9.725055250041344E-4 1.7796008759797345E-4 0.0 0.0 0.0 0.0 0.0 0.0 0.0 0.0 0.0 0.0 0.0 0.0 0.0 0.0 
0.0 0.0 0.0 0.0 0.0 0.0 0.0 0.0 0.0 0.0 0.0 0.0 0.0 0.0 0.0 0.0 0.0 0.0 0.0 0.0 0.0 0.0 2.679558995049121E-4 0.0023648582961686973 0.0053248467822262936 0.010001414064876412 0.017271543971654296 0.02703405868054707 0.03908064069681896 0.048467762388932245 0.05764849393274246 0.066072136672174 0.0975079172596392 0.11298988108538058 0.09735100541040616 0.06553680749442695 0.04720236110038634 0.06164935682146249 0.060458538869186694 0.0363105684471053 0.013886018880086377 0.009621196219603992 0.017534159462909274 0.01926328013138591 0.015328172311466009 0.014047573554357339 0.010093276721504155 0.005857165165988448 0.0017156026255973349 1.4986562394098834E-4 0.0 0.0 0.0 0.0 0.0 0.0 0.0 0.0 0.0 0.0 0.0 0.0 0.0 0.0 
0.0 0.0 0.0 0.0 0.0 0.0 0.0 0.0 0.0 0.0 0.0 0.0 0.0 0.0 0.0 0.0 0.0 0.0 0.0 0.0 0.0 8.891085848456113E-6 6.226149084542167E-4 0.00312110980629475 0.00753801212219015 0.015619349078595747 0.02820106898410564 0.0405113396026215 0.05444307252859015 0.06281977016549271 0.06681177260449733 0.08524666251831463 0.0991429930867784 0.11629560305393234 0.10579297137980924 0.07654755531379541 0.059622802880960515 0.06947830075678675 0.06753368621500738 0.04259150791375537 0.01451052837128156 0.007820725308964011 0.015687701298677612 0.018816447187724593 0.0169229951139877 0.014875683368430717 0.010420919952700195 0.00613773304791479 0.0022301975398649468 5.863179089417611E-5 0.0 0.0 0.0 0.0 0.0 0.0 0.0 0.0 0.0 0.0 0.0 0.0 0.0 0.0 
0.0 0.0 0.0 0.0 0.0 0.0 0.0 0.0 0.0 0.0 0.0 0.0 0.0 0.0 0.0 0.0 0.0 0.0 0.0 0.0 0.0 7.354320687460601E-5 0.0012158324567167495 0.004481536607857056 0.011423216248790077 0.023608594422647424 0.04038138946702118 0.05546736733301736 0.06930663976254683 0.07666982378153611 0.07971502444182235 0.08284794758364027 0.09832714088321308 0.11028018867246495 0.1060689513595305 0.08333471046432689 0.06949339065901973 0.07087725399020749 0.06689891556005938 0.043887511849515504 0.015268682734065587 0.008462319354723148 0.015381880376856484 0.019986452636763737 0.020891898775382816 0.017440485530112945 0.011551392538614081 0.006383779613520493 0.0024274013713893503 3.885530427108864E-4 0.0 0.0 0.0 0.0 0.0 0.0 0.0 0.0 0.0 0.0 0.0 0.0 0.0 0.0 
0.0 0.0 0.0 0.0 0.0 0.0 0.0 0.0 0.0 0.0 0.0 0.0 0.0 0.0 0.0 0.0 0.0 0.0 0.0 0.0 3.748016595042571E-5 3.108451317011564E-4 0.002615811035281294 0.007292289766944781 0.016955741141139985 0.03410028843479221 0.052120877533049705 0.06938038314263634 0.08223884949302013 0.08690935485186964 0.08052772663503746 0.07385422706688073 0.07950053978642244 0.08712614990738689 0.09679392303946541 0.09272849002708516 0.08588577153089388 0.07654162694610196 0.06917067239193285 0.050479396504205486 0.018479729869655424 0.009951291190112701 0.016895861932124324 0.024391738327953588 0.029142993588324756 0.02205452424156289 0.013948753973268656 0.0074115084407551 0.002899822220004947 3.8603787962407507E-4 0.0 0.0 0.0 0.0 0.0 0.0 0.0 0.0 0.0 0.0 0.0 0.0 0.0 0.0 
0.0 0.0 0.0 0.0 0.0 0.0 0.0 0.0 0.0 0.0 0.0 0.0 0.0 0.0 0.0 0.0 0.0 0.0 0.0 0.0 1.6224279115463833E-4 9.017586371512363E-4 0.004204399972082387 0.010733881870199285 0.025147136095625276 0.043840750282363276 0.06426325872440919 0.08198867219604596 0.09337838123295156 0.0930839450912767 0.08043166365744896 0.06846198861815482 0.06349042400893055 0.07379479415977203 0.09089501844368088 0.10767316980050844 0.11149987535150248 0.08938822927421441 0.07269862709879055 0.05869734649332835 0.0219858462331655 0.011576753064509239 0.019113124981857247 0.033465388062636804 0.03736229815067559 0.026294698729382605 0.01539201553616153 0.008034144466816162 0.0032655692252353675 3.710779563442361E-4 0.0 0.0 0.0 0.0 0.0 0.0 0.0 0.0 0.0 0.0 0.0 0.0 0.0 0.0 
0.0 0.0 0.0 0.0 0.0 0.0 0.0 0.0 0.0 0.0 0.0 0.0 0.0 0.0 0.0 0.0 0.0 0.0 0.0 0.0 1.1821228747846477E-4 0.0015521592868683216 0.005192148636884783 0.01367591344275995 0.03272443025455962 0.05458131231100631 0.07783482548878039 0.09667443366152335 0.10670532420138358 0.09821259745464489 0.07818327009572154 0.05541845839827392 0.04526903257911937 0.05756602886471044 0.08178391409416011 0.1215341858978741 0.13586121348070462 0.09604450694991218 0.06911632399338223 0.05960080125572981 0.021924462151275456 0.012062335202415203 0.020970770601651954 0.0405214896548933 0.042689949273779865 0.0289018745201796 0.0153745253808339 0.007458920094273321 0.00337718474589027 6.813937040492409E-4 0.0 0.0 0.0 0.0 0.0 0.0 0.0 0.0 0.0 0.0 0.0 0.0 0.0 0.0 
0.0 0.0 0.0 0.0 0.0 0.0 0.0 0.0 0.0 0.0 0.0 0.0 0.0 0.0 0.0 0.0 0.0 0.0 0.0 0.0 2.44711526736104E-4 0.002504980112940972 0.007341105620914256 0.01808699098367995 0.042097879171461565 0.0666399301662113 0.0938288516091684 0.11446093066647926 0.12161183717554357 0.10582198741871289 0.07516688226101154 0.04513803451363376 0.029898994610010835 0.04220644092173656 0.07506788025778242 0.13114927344132468 0.15757741046263238 0.09881858334080536 0.06573267638559935 0.06015257489114156 0.023877100536203313 0.01325512673052088 0.026341210673044412 0.053211586958633164 0.05203883648722444 0.03218238078299738 0.014696304526567975 0.007223721350700283 0.0035740092555393847 8.885866103760396E-4 8.3936279807112E-6 0.0 0.0 0.0 0.0 0.0 0.0 0.0 0.0 0.0 0.0 0.0 0.0 0.0 
0.0 0.0 0.0 0.0 0.0 0.0 0.0 0.0 0.0 0.0 0.0 0.0 0.0 0.0 0.0 0.0 0.0 0.0 0.0 0.0 7.741217309614862E-4 0.0038821242593699676 0.010136606176702447 0.026675951316895496 0.05103961207903242 0.08034207664721628 0.11125902910442415 0.1362646313390454 0.14066394704493415 0.12075435626536281 0.08402332902078935 0.04271049221655945 0.025384446417432566 0.04274454196005895 0.08414034904826415 0.152515524653495 0.1832890213794132 0.10702686278301844 0.060452800761318724 0.056031487324110625 0.026946969512215393 0.01716355890720357 0.03215711302230487 0.06856968437201147 0.06592573497151946 0.0347853081743271 0.014077427782493107 0.007344389837949203 0.004038791096889218 0.0013514517235259863 1.0141156533830323E-5 0.0 0.0 0.0 0.0 0.0 0.0 0.0 0.0 0.0 0.0 0.0 0.0 0.0 
0.0 0.0 0.0 0.0 0.0 0.0 0.0 0.0 0.0 0.0 0.0 0.0 0.0 0.0 0.0 0.0 0.0 0.0 0.0 2.0861194932984882E-4 9.319586863747175E-4 0.005553808375621522 0.014061593610656195 0.034116680934686255 0.06470356616888046 0.09983908617758908 0.13500999821615028 0.16578012429348496 0.1728059670915476 0.15542767380368266 0.11189063010138361 0.0562455329647909 0.033360814142656625 0.05950320915405881 0.10343653181467068 0.17808798252568098 0.2166416051207313 0.12459067007216462 0.06582513330894062 0.07142313292721349 0.042922090655949374 0.021645339256175556 0.04293846889130635 0.08852698627868642 0.0778317733649983 0.037450692822127984 0.012543814018060557 0.005950815932006517 0.00384791863626059 0.001921251259495319 2.2450065521927254E-4 0.0 0.0 0.0 0.0 0.0 0.0 0.0 0.0 0.0 0.0 0.0 0.0 0.0 
0.0 0.0 0.0 0.0 0.0 0.0 0.0 0.0 0.0 0.0 0.0 0.0 0.0 0.0 0.0 0.0 0.0 0.0 0.0 1.6084910509965895E-4 0.0020153768941991584 0.006927251190288378 0.01732385593778705 0.042766364862065066 0.07801044936542981 0.12066534742363633 0.16548865786359396 0.20912853284942098 0.22288100672683145 0.20903612786662645 0.15372673020028155 0.0843551849880125 0.05430979038445001 0.07923570343562764 0.13358850151068336 0.21775370818712794 0.25842485129255155 0.15057903639909914 0.0794640642706815 0.09597732503379391 0.06691776506503469 0.02560092118938932 0.054037466396063494 0.09804202787163394 0.08259297367724223 0.03676141452537861 0.01036549997788324 0.004500573398222539 0.003921082722060189 0.0027880774747615486 4.912006811948363E-4 1.7022143718702863E-5 0.0 0.0 0.0 0.0 0.0 0.0 0.0 0.0 0.0 0.0 0.0 0.0 
0.0 0.0 0.0 0.0 0.0 0.0 0.0 0.0 0.0 0.0 0.0 0.0 0.0 0.0 0.0 0.0 0.0 0.0 0.0 1.5568050292780525E-4 0.00285704588363396 0.009002238125484252 0.025143008080118576 0.052687589438412306 0.09313588407562166 0.1466339344832909 0.20327419929034038 0.2608664843324044 0.2837517118400354 0.2831104720344773 0.21658262071489573 0.1264802681696465 0.08121973265196691 0.10564086049650917 0.166558790362496 0.24783774400738456 0.2969137444986071 0.18286238122179216 0.0975214885178479 0.12296447401426154 0.09710367099297454 0.035463334895769485 0.06310027327520018 0.09954923901345884 0.08008263547500372 0.03600412282875655 0.009865414767341658 0.0034471741044940704 0.0039294564910521525 0.0032095452579354797 6.717123223628974E-4 1.1394573490123975E-4 0.0 0.0 0.0 0.0 0.0 0.0 0.0 0.0 0.0 0.0 0.0 0.0 
0.0 0.0 0.0 0.0 0.0 0.0 0.0 0.0 0.0 0.0 0.0 0.0 0.0 0.0 0.0 0.0 0.0 0.0 4.319120640918965E-5 7.231678713091487E-4 0.004137897591643446 0.012306329693167268 0.03421695783159275 0.06373367296016198 0.11247716392164848 0.17040086330219184 0.2355712889303481 0.3055741699396878 0.3397672796540636 0.347427893369792 0.2872055069682676 0.18841489926531255 0.11535857559196773 0.12582762797959723 0.18531416182399138 0.26931868524670344 0.32827505145236524 0.21977749866517454 0.1228399559937328 0.1564455784896295 0.1413098581074952 0.054862074749933216 0.08300248835354644 0.1012419337292467 0.06815611918712103 0.028881716820056753 0.00795552671298431 0.0028689381667504244 0.0033687574152974115 0.00330972196135407 0.0012727608252490472 2.0037820613834122E-5 0.0 0.0 0.0 0.0 0.0 0.0 0.0 0.0 0.0 0.0 0.0 0.0 
0.0 0.0 0.0 0.0 0.0 0.0 0.0 0.0 0.0 0.0 0.0 0.0 0.0 0.0 0.0 0.0 0.0 1.454086740143901E-5 2.2354813987278326E-4 0.0019575864750182633 0.0057865755533235835 0.014359677628702458 0.037700450009557324 0.07230219557001907 0.12156348614478246 0.1839132498588729 0.26614439050220107 0.3390977772886757 0.3955256845595908 0.41351439458721084 0.3533965705766954 0.2405295268338033 0.13833365442846596 0.13332972810566732 0.1899389200959384 0.27909669195232245 0.35024151814839977 0.27661502397461096 0.16269926190310663 0.19230303719088038 0.19770852180817428 0.09189682790815056 0.12179795057956944 0.10531401572379402 0.05313442949560798 0.01853386868614406 0.005155354010269127 0.0029131300845507174 0.0030705755392279903 0.003640828439695133 0.0017455076009473842 1.0023226955506398E-4 2.312447028536547E-6 0.0 0.0 0.0 0.0 0.0 0.0 0.0 0.0 0.0 0.0 0.0 
0.0 0.0 0.0 0.0 0.0 0.0 0.0 0.0 0.0 0.0 0.0 0.0 0.0 0.0 0.0 0.0 7.234050699273116E-6 1.92608040800567E-5 5.534312526263886E-4 0.0031126450807405226 0.008056471876054678 0.01914344791923487 0.04715831745605368 0.08771024302743116 0.13702971383488252 0.20495810571758036 0.29593633135467023 0.35872199358263096 0.42331222776195404 0.44894014868953946 0.4122592391635731 0.2949713331342094 0.17157552967810996 0.1262411989530852 0.17400309259414248 0.26727004822909833 0.3648460383271187 0.3370703764418712 0.21090373717179342 0.2179443515051468 0.23463730712931005 0.12780794857127034 0.16475619851089468 0.11377018207258574 0.038709794350095195 0.009683037972224468 0.003189200055132212 0.0031419612198305465 0.0032920218382399198 0.0035447510446896847 0.002338767640984647 2.160557428975426E-4 2.9238994383372536E-5 0.0 0.0 0.0 0.0 0.0 0.0 0.0 0.0 0.0 0.0 0.0 
0.0 0.0 0.0 0.0 0.0 0.0 0.0 0.0 0.0 0.0 0.0 0.0 0.0 0.0 0.0 0.0 3.6511987090027984E-5 9.618110476863124E-5 0.0013570389181698065 0.00422998291311842 0.01058533671643186 0.026247871660638564 0.05396503785915258 0.0993972066734071 0.1492246345238934 0.21678606280870924 0.2987132291647521 0.3537183932057575 0.4054551040816034 0.4437099384026305 0.42510026358873315 0.3269647507991876 0.20197487533580544 0.12753838024315026 0.14476037508777354 0.23087407645874244 0.35076904489657923 0.3786947106289961 0.26439047244607544 0.22704348052641693 0.2258830853315497 0.13485224533938253 0.19677142616221746 0.12520740246121523 0.030850528070674507 0.005590876494023546 0.003746917736774817 0.005009530186368765 0.004573959061852825 0.004478787860351476 0.003942362715915998 0.0011974429915926918 8.543163091527398E-5 0.0 0.0 0.0 0.0 0.0 0.0 0.0 0.0 0.0 0.0 0.0 
0.0 0.0 0.0 0.0 0.0 0.0 0.0 0.0 0.0 0.0 0.0 0.0 0.0 0.0 0.0 0.0 7.703848867361098E-5 3.520429002757972E-4 0.002278282914667831 0.006369740772044034 0.014609843183528023 0.033959242956412526 0.06335383163504742 0.10451731556309214 0.16251133614186566 0.2164093781062718 0.2798245100055513 0.33161725657385105 0.3602149786657356 0.4042419267019745 0.38870705229278857 0.32296416651159127 0.2342053035830722 0.15720932350751188 0.1336799370284782 0.18667405062204126 0.3167907060876144 0.39509988801838103 0.3223349002992017 0.24325460198674662 0.19997053981526242 0.12470535450835117 0.21369736382475835 0.13112875360634127 0.027346668430190058 0.007163970225178613 0.009005246827588194 0.009580619780519113 0.00793561500766488 0.006940874850740685 0.005593867767001213 0.0027766337185295563 2.6877538292937626E-4 8.108235040044064E-6 1.5378107781701157E-5 9.302508856415271E-5 8.663123472527903E-5 2.9694209088491555E-4 7.99883496642934E-4 8.458124557514217E-4 0.0 0.0 0.0 0.0 
0.0 0.0 0.0 0.0 0.0 0.0 0.0 0.0 0.0 0.0 0.0 0.0 0.0 0.0 0.0 0.0 6.72202380504254E-5 6.14321689287139E-4 0.0033088604954899423 0.008242191021528409 0.018007384269598085 0.039215238744657696 0.06893560230552125 0.11056058064774216 0.16261798979758826 0.20269044233232558 0.2525942429564107 0.29189375100546033 0.30811235003145004 0.3285291538381317 0.32689047824468837 0.3233672311407551 0.2905145350168125 0.23728283072799697 0.17311571671530582 0.16928410679757705 0.2721800512324295 0.3839611540921279 0.379099019308088 0.2751993466427936 0.15567667295156334 0.09967201695699618 0.19417578895029536 0.1024821525892358 0.02218634461398573 0.013737916713619697 0.018969996369003785 0.016798913031333226 0.012684969237695855 0.009647291632017701 0.007125313227271911 0.003975756920610945 7.909491106184955E-4 3.5290466690538756E-5 3.5615463305821744E-5 1.4134899182422886E-4 1.548777446845733E-4 1.9425357282478855E-4 3.0988203198850715E-4 1.8012933115179084E-4 0.0 0.0 0.0 0.0 
0.0 0.0 0.0 0.0 0.0 0.0 0.0 0.0 0.0 0.0 0.0 0.0 0.0 0.0 0.0 0.0 6.311314173389544E-5 0.0015211616337041346 0.004822181388508325 0.01099225058538233 0.024701084750739667 0.04731705829305904 0.08007251073902012 0.1146822645527674 0.15085746260429336 0.18519753948470177 0.2234770351642992 0.2443791905743343 0.2566602342372446 0.2667403061627221 0.29789487950024934 0.33676414105993485 0.39135122558897634 0.3583267616338806 0.256628869674045 0.17796763471925353 0.21530790633700322 0.32140865118581946 0.37094901095743105 0.29011961323471674 0.12681392668482808 0.09435461692240911 0.14430667002266986 0.06379417204993204 0.020543952238859842 0.025912489566685844 0.03223063528484401 0.026492426287059674 0.016866889878630678 0.011387519969322999 0.007092866979567859 0.0035891258012166315 0.001011489651502509 1.3263327599625808E-4 2.354956783170761E-5 2.722858555742186E-4 5.097971895380846E-4 4.2381312935232463E-4 3.15366158757681E-4 8.916608966385375E-5 0.0 0.0 0.0 0.0 
0.0 0.0 0.0 0.0 0.0 0.0 0.0 0.0 0.0 0.0 0.0 0.0 0.0 0.0 0.0 2.2671535223362927E-5 3.979495106403608E-4 0.002969337823309182 0.0070155342486645485 0.015099861532539453 0.033300205817806905 0.055888457992848306 0.08413927013298396 0.11468551493242289 0.14530099148670964 0.16962613016563952 0.1950804861145291 0.2064106560621441 0.21539301010482673 0.22480172039641963 0.2740415874770688 0.35150330716969286 0.4489670526907868 0.447999263704958 0.34528560415508786 0.20772341376654094 0.15240799715131537 0.22232469779404454 0.3068245816454515 0.2750454581932327 0.1215700580178203 0.13969155490345564 0.138915158013854 0.04676360307359761 0.02739062643732034 0.039491260998720794 0.04380905575107477 0.03626273469134199 0.02248426093198115 0.014071257047504022 0.00933264028977416 0.005391032111255859 0.0030271407101189352 9.399812004359732E-4 2.4144560833200333E-4 8.126557944370449E-4 0.0017254294661883827 0.001702647409847982 7.398567606178552E-4 3.2532905506311527E-4 0.0 0.0 0.0 0.0 
0.0 0.0 0.0 0.0 0.0 0.0 0.0 0.0 0.0 0.0 0.0 0.0 0.0 0.0 8.439160090048597E-6 1.5477733624614775E-4 0.001393003323958937 0.004238828309839354 0.010001956568854612 0.02235094273955954 0.04212977432795008 0.06422811568962156 0.09261760189541324 0.11843737376501573 0.1432297934332264 0.16108911755186558 0.17798351019594924 0.1812910090813941 0.18222316775709457 0.19841939690495664 0.2426187472943214 0.3323367223802356 0.4501035879232509 0.49726261899681795 0.4343117360445759 0.2785685242473872 0.1323567671724093 0.13392813415302143 0.20338378205149127 0.21594480954437653 0.11913397104793906 0.20878052224682386 0.15196712076689287 0.04129046211207301 0.03900960723747088 0.05038763750809801 0.050411191482742326 0.04040222325443675 0.026068826165216788 0.015251391591132174 0.009981605459746839 0.0066294646768887185 0.004204133935978767 0.0025546038256856725 0.0010883186918408101 0.0017002192289886108 0.0026279119955117812 0.0016798745444095774 5.295382747596315E-4 7.80274974669372E-5 0.0 0.0 0.0 0.0 
0.0 0.0 0.0 0.0 0.0 0.0 0.0 0.0 0.0 0.0 0.0 0.0 0.0 3.0746120663764504E-7 6.918880371893598E-5 6.650900063135158E-4 0.0031614362492297515 0.0068761333757776395 0.016379776786779855 0.03319641820000812 0.057079917410672094 0.08114841408438968 0.10972894817259081 0.1260174566394222 0.14504524644302214 0.15373020078410077 0.15885413580427224 0.15816163385861443 0.15559468004766272 0.1778495708963574 0.22636202469892966 0.3305536634235026 0.434085314177686 0.506835552370502 0.5017675013673165 0.3785385708905637 0.16459695980532518 0.0870109181350463 0.10900375448288593 0.1270516220535604 0.12295047306397715 0.26063111107578885 0.1471145893082559 0.04346916882977547 0.05145905189048745 0.06050992590224915 0.05259718851652677 0.0410535516436803 0.02956382660080086 0.017159512919883938 0.012070956773274735 0.009087307544694192 0.005832576049576952 0.003953238903265372 0.002462895112311587 0.002538712131671455 0.0025267503956600173 0.0016130256449633108 4.8635578793812E-4 2.3853086157598244E-4 1.7980041380287693E-4 0.0 0.0 0.0 
0.0 0.0 0.0 0.0 0.0 0.0 0.0 0.0 0.0 0.0 0.0 0.0 0.0 2.7257013338169392E-5 1.6452252351925684E-4 0.0023239149851884623 0.005542110958988549 0.012109560079521022 0.028405430291720227 0.051897990687778256 0.07936556054420041 0.10456805776148986 0.1273540250664198 0.14520844732005808 0.1504898937318922 0.14931630760525655 0.14226831497517367 0.13670672497348788 0.13971772427267246 0.17656506559460938 0.23872162499414307 0.34286894928948153 0.4267027669199348 0.4963354871466008 0.5340326127568595 0.46747776317261525 0.23549967475026734 0.11031478394154617 0.0938675886977229 0.10237171958979861 0.20699802899228686 0.3466657566306516 0.14718566257350538 0.05598585782736101 0.06896252522911728 0.06875930840024899 0.0554215621588198 0.04363540966352146 0.034941080616330736 0.020103333084502913 0.013952481883308854 0.010659597711109239 0.007502459899438672 0.004407211464003888 0.0031425804963664036 0.002552929454810688 0.0023174496643689965 0.0016137132079884016 8.550709168031662E-4 4.140501396365607E-4 3.2935120492095024E-4 0.0 0.0 0.0 
0.0 0.0 0.0 0.0 0.0 0.0 0.0 0.0 0.0 0.0 0.0 0.0 0.0 8.916571499306739E-5 0.001314551022836317 0.004546891027236693 0.009968115515191797 0.021899486961314413 0.04625152304267657 0.07656866071159396 0.10605048722126403 0.13480166729872334 0.15829170453530686 0.1684449420933776 0.16669541432531212 0.15478574367127804 0.13756224014538507 0.1265188359583875 0.13543688292904565 0.18535483346677054 0.27218894639754865 0.3806770082298538 0.4480729078353538 0.5034690153030092 0.5546935785607862 0.5356609160210112 0.3235175103074292 0.20895313075759386 0.21105762469693978 0.23006367749006418 0.4280064091339379 0.4803587260506632 0.14784695744407458 0.07290270696312093 0.0869935754213254 0.07711142681782926 0.06191364720823609 0.046893382239185974 0.03852577074046377 0.023724523602064607 0.01607763068429907 0.011366095441004625 0.007522726156377357 0.004745952602627285 0.0026856552118602137 0.002162116999029526 0.0025653156789377397 0.0030365783904486273 0.0037351600660978754 0.0032873036742392275 0.0031403634136905356 0.0 0.0 0.0 
0.0 0.0 0.0 0.0 0.0 0.0 0.0 0.0 0.0 0.0 0.0 0.0 1.6517999661720914E-4 4.988938335659185E-4 0.0031518574800772996 0.0068190254672200416 0.0164432539227321 0.035922306353174345 0.06725000188195134 0.105742881896783 0.14031223142748095 0.16761313398594407 0.19252014887068603 0.18964184476816823 0.17928214451393193 0.16048944938331056 0.12989380855329782 0.11941848305779723 0.13409649780320115 0.19904399655707003 0.30089054991141656 0.4253559788417322 0.4987876429645362 0.515610524626393 0.5740615926571033 0.5643295418999613 0.4077905995442783 0.3614926101504206 0.444773770008255 0.501555465915809 0.7286106375293082 0.6404903755379676 0.16485416722544532 0.09262204581285075 0.1032098781003266 0.08307209361779438 0.06296604890091533 0.04763755588388575 0.040282977014675196 0.029307378873054873 0.018548193577824626 0.012670256920173522 0.008172050371576445 0.004381165844220709 0.0012963445796766674 7.824804532342234E-4 0.0013865962469288612 0.001536440840539889 0.0013388854769855094 6.77822334425379E-4 2.3341246169821114E-4 0.0 0.0 0.0 
0.0 0.0 0.0 0.0 0.0 0.0 0.0 0.0 0.0 0.0 0.0 3.129576673914609E-5 3.0284325742346684E-5 7.824528661631318E-4 0.0041541696920337524 0.010261077403233627 0.0242677907769382 0.05044813618791246 0.09169905121343662 0.14005812572097628 0.17570483744983065 0.20480212967172703 0.21281662535559212 0.2091723750932511 0.18986693936271687 0.15582468599851407 0.1232001439335823 0.11508472880560368 0.13253288272686933 0.21343696304070095 0.324578082009858 0.46846050146507534 0.5552340863638664 0.5790093485239678 0.5952338977136306 0.5678870831214204 0.4808137206909267 0.5001871064724713 0.6590966383630769 0.7357504517045634 0.98547737422748 0.8041311229777013 0.20063863553144912 0.10287749964595044 0.10870652873961975 0.08205472852800087 0.056350192003828764 0.044227280241688635 0.03823035718387803 0.027010310124171846 0.01814107913132268 0.011455360066054725 0.0066711795950279975 0.003438964503324929 4.1957368815285665E-4 7.053178506763169E-5 0.0 0.0 0.0 0.0 0.0 0.0 0.0 0.0 
0.0 0.0 0.0 0.0 0.0 0.0 0.0 0.0 0.0 0.0 0.0 8.342258915525719E-5 2.479380411196639E-4 0.0013336302808921064 0.0055607122222927205 0.013882417489664737 0.03270462045425857 0.06530431283804886 0.11675273129769093 0.1723928311700917 0.20853418965391776 0.23226235530233075 0.24226101775101605 0.22696259833082966 0.1955236321806618 0.15804373995352833 0.12297744083588458 0.10978578482054965 0.13310993205174912 0.21290409281506684 0.34042256681011857 0.4919046538113072 0.5911087727656819 0.6151773054432526 0.6117142484587406 0.5781290125732242 0.5228281670551636 0.5419610469946309 0.7039080008343895 0.7662786125977126 1.0 0.8307665010167937 0.20420684648169968 0.09562363522285866 0.10171355014405774 0.07635544693549559 0.05268823789469561 0.041460921656671 0.036050112458149305 0.023491721260655296 0.016029297910366943 0.011523435987034859 0.005973707918999351 0.002561362646812004 3.7757751909614024E-4 0.0 0.0 0.0 0.0 0.0 0.0 0.0 0.0 0.0 
0.0 0.0 0.0 0.0 0.0 0.0 0.0 0.0 0.0 0.0 0.0 1.8661182114538086E-5 2.71383289138303E-4 0.002617866139334422 0.007368373427557158 0.016918991759257936 0.03884997340990221 0.07787756439739871 0.13117580687710623 0.18752943465521904 0.22307940080079253 0.25422693610844077 0.2535955887368731 0.23098216089950563 0.20339892828131761 0.1607635428287398 0.12424009788497521 0.10916117036034674 0.13757873267949572 0.210935266241468 0.35119266808070676 0.5149695207676873 0.5994482824732766 0.6109741564635675 0.6153883078115245 0.5724193719683756 0.49339797320697826 0.4606053384466256 0.5475297672546061 0.572131179144165 0.7810323607466065 0.698431069980647 0.17526323729767496 0.07956993813703012 0.09109064991864949 0.07246253605075813 0.053639360329397555 0.04055504050528033 0.033834019466705605 0.02027382275043567 0.014068759783284842 0.009646278875932205 0.005334717955054355 0.0019208396537084692 3.69676353174158E-4 0.0 0.0 0.0 0.0 0.0 0.0 0.0 0.0 0.0 
0.0 0.0 0.0 0.0 0.0 0.0 0.0 0.0 0.0 0.0 0.0 4.389816967327388E-5 4.89169894505932E-4 0.0026373115776110114 0.0076308674316133245 0.018551791385156828 0.04239093325421202 0.08541472638505622 0.13965420807294543 0.19554906064898575 0.24152022732199943 0.2612581209611294 0.25928950253752325 0.23803982046653252 0.20675544256212472 0.16397689720473554 0.1258888514234534 0.11561350837427155 0.14026744071684086 0.22109260864182656 0.3540815345943926 0.4972117864573832 0.545835810997884 0.5601401143114626 0.5877660038896989 0.5555319287525133 0.41489780858143627 0.31391647971448283 0.3067166109566595 0.3044908855409417 0.47208796134424563 0.5214876911742219 0.1571937429675383 0.05941540262405636 0.07476750376913409 0.066117966801571 0.05217082531926454 0.038384755400074765 0.02793627425410038 0.01595403132075588 0.010805474048673838 0.00807174619947256 0.004565680552629053 0.001726036749211677 1.3492726600001782E-4 0.0 0.0 0.0 0.0 0.0 0.0 0.0 0.0 0.0 
0.0 0.0 0.0 0.0 0.0 0.0 0.0 0.0 0.0 0.0 0.0 1.0820327512128823E-5 4.097316793227284E-4 0.002079316150471797 0.006953435267240728 0.018714843679599087 0.04332091725156864 0.08729508423511946 0.1425145650236593 0.20249862738031568 0.24230820751502566 0.2539329593403919 0.2505565445743 0.2309481842730738 0.19954509427323386 0.1687005146520925 0.13440053737133437 0.12427175296939943 0.14305981369555618 0.21829956359318647 0.32142688947675946 0.45077091343730846 0.47502942155786965 0.5038475437712211 0.5609898078868827 0.536576339744584 0.33525269372533645 0.18024697140967616 0.13612904631227282 0.13844283419319228 0.257953989879479 0.3934228068781233 0.15918247004085406 0.04354003319870581 0.05609498227086781 0.05976257912206022 0.05270512578807432 0.039130381534456214 0.02584198587015578 0.014884468693040317 0.009343419685833219 0.005626746450665333 0.0029097822074352292 8.48004447912641E-4 5.164688093260404E-5 0.0 0.0 0.0 0.0 0.0 0.0 0.0 0.0 0.0 
0.0 0.0 0.0 0.0 0.0 0.0 0.0 0.0 0.0 0.0 0.0 9.78287419424732E-5 4.2488217926566185E-4 0.0023816180170217623 0.007093959417331068 0.017023911839775783 0.0404160197655028 0.07849771428757424 0.1312789015500259 0.1832741258835417 0.22003032663942756 0.23302301174739304 0.23051998111846106 0.2240370468209252 0.19485335067850637 0.16883784014717604 0.1458132917020511 0.13454701653892095 0.15331535781510375 0.20869663881524875 0.29616920226860677 0.39373828701039804 0.4286433634855145 0.48389418405887497 0.5500942721016526 0.48884330961971917 0.25493757863309224 0.10637799490665982 0.09997200295149736 0.1255604072413737 0.1690020772839698 0.3097625260760099 0.17671271469822597 0.041758413430197136 0.04355230045498209 0.05667853754836278 0.053430881516933176 0.03967293650518381 0.02353731653756799 0.013135240569099864 0.007522805138901313 0.003783410403774426 9.806737481520183E-4 1.9851082014286703E-4 0.0 0.0 0.0 0.0 0.0 0.0 0.0 0.0 0.0 0.0 
0.0 0.0 0.0 0.0 0.0 0.0 0.0 0.0 0.0 0.0 0.0 2.877952180300193E-5 3.887652766565909E-4 0.0018943671199700115 0.005756819045479875 0.013853796420644769 0.03393559793946988 0.06457874667681684 0.11012273568119137 0.15623842745876199 0.18880382488587932 0.20792944215910386 0.21073001534385394 0.2073583798853652 0.19634400333252544 0.17329100235448774 0.15897272079458302 0.14730741238293205 0.15668412292995257 0.19534449797340947 0.2635083352896003 0.3461196133419375 0.4138836532001685 0.47095857205144753 0.4974253751497041 0.39243543177926543 0.185280603006367 0.11226776175045486 0.1848233125071377 0.22181489773938065 0.15079205671633056 0.24327307075370141 0.17373473699531902 0.0390843203526821 0.03017212405140633 0.04490498983180419 0.04626535448063833 0.0346374189540406 0.019370453139101722 0.011358093532768678 0.00652472834991111 0.002400753905355804 3.481102654531589E-4 0.0 0.0 0.0 0.0 0.0 0.0 0.0 0.0 0.0 0.0 0.0 
0.0 0.0 0.0 0.0 0.0 0.0 0.0 0.0 0.0 0.0 0.0 2.2501989267158832E-5 2.2611475276308502E-4 0.001642958748636336 0.004484893497116621 0.011170432944501329 0.027095580728587663 0.05062998724829127 0.08572796368023393 0.12873865695186132 0.15890598326352895 0.18043628266800013 0.19270860922329885 0.19067700962372483 0.193691175213346 0.18228999271718802 0.17741706446019104 0.16384862290321875 0.16554577046052613 0.18584113233563734 0.23519250663062585 0.31877076163475065 0.4136122692511225 0.46912870420043934 0.43847539165379285 0.2957060494462098 0.15788798325192047 0.1893751195315041 0.31069439580251956 0.31340504811433556 0.14086779999969465 0.16358966297722657 0.17548957640869772 0.05163020748935684 0.01804530384816258 0.02919147123608801 0.033514609460360736 0.02593787647332196 0.015384285915352427 0.01007920961375559 0.005957089227264619 0.0012630476478787652 5.9677935596045534E-5 0.0 0.0 0.0 0.0 0.0 0.0 0.0 0.0 0.0 0.0 0.0 
0.0 0.0 0.0 0.0 0.0 0.0 0.0 0.0 0.0 0.0 0.0 5.2629601668904146E-6 2.459146145318275E-4 9.281198150990967E-4 0.0036010265488212205 0.00830227548017185 0.01761348301080858 0.036483578066791846 0.06428818385555515 0.099362320995408 0.12877109289611097 0.15568498437472947 0.1743060269690738 0.18995816581158223 0.19019924841606994 0.19284905253534004 0.18883865985537523 0.1857740921447693 0.18957016799207965 0.1943933247287697 0.2267553213360516 0.3131515688062607 0.4069894933681627 0.43831134362475405 0.36429658613776955 0.22523601130865537 0.18580381384583725 0.30407499180648007 0.40222794795090233 0.33922091794233133 0.14182005906424613 0.11561666793553692 0.18878630306301666 0.08163617309647389 0.01666148945995694 0.015015223192036943 0.019797353189238327 0.017159702768200478 0.011559098313715719 0.008811137865539704 0.005514882570635062 0.0014591237104211497 4.459525459341864E-5 0.0 0.0 0.0 0.0 0.0 0.0 0.0 0.0 0.0 0.0 0.0 
0.0 0.0 0.0 0.0 0.0 0.0 0.0 0.0 0.0 0.0 0.0 0.0 4.7963505698216187E-5 3.709654629400162E-4 0.001619616506162417 0.005403074456503991 0.011868251881107445 0.02525507061511143 0.047072467468880594 0.07559217920294335 0.10762256657319082 0.1362545177753592 0.1525953314758513 0.1791490499307134 0.19068846421881477 0.20667007729181075 0.2028097415476641 0.21259228631961116 0.2204571898232261 0.2222097898418464 0.26097399104252256 0.33461850361422474 0.40417455935475555 0.3833785377715889 0.2849750105467873 0.1947036350726032 0.2573953802451692 0.4181834757284526 0.43312238593151325 0.32353491398128287 0.17566605367804006 0.11188318339873875 0.22887812188580103 0.12068392057005642 0.021752544413971148 0.007529476256702928 0.009944194451052924 0.00982845185498763 0.007475199447370636 0.0061945645244567875 0.004532706674430634 0.001062280812113923 1.1755782548917044E-5 0.0 0.0 0.0 0.0 0.0 0.0 0.0 0.0 0.0 0.0 0.0 
0.0 0.0 0.0 0.0 0.0 0.0 0.0 0.0 0.0 0.0 0.0 0.0 4.8958800926323095E-5 1.1758853164169466E-4 7.567195282628863E-4 0.003621265262350173 0.007696068026425304 0.01642058317984225 0.0327771683224503 0.056548110736221666 0.08521110234746765 0.11623972356262688 0.13865836777148438 0.17989416947831632 0.19966548218062138 0.22373115045482625 0.2301223659808847 0.24799924922466157 0.2630596569250371 0.272864754291123 0.29976675922370305 0.33655606178612185 0.3460202193502663 0.2836111587430835 0.21383831020254734 0.1950560751143529 0.334222197322184 0.47288077440662996 0.3995337217653716 0.29397825453474574 0.22369365612713313 0.13636388602188276 0.2569514588845815 0.14400565225074474 0.028214517528867514 0.005492475619122226 0.004988189032593551 0.005097476391476786 0.004837348239261315 0.004674108469687479 0.0036508246779242636 3.97814661535928E-4 1.1670503693824767E-4 0.0 0.0 0.0 0.0 0.0 0.0 0.0 0.0 0.0 0.0 0.0 
0.0 0.0 0.0 0.0 0.0 0.0 0.0 0.0 0.0 0.0 0.0 0.0 4.7649131918299246E-6 1.1857363841679857E-4 3.1485178427197814E-4 0.002058929877788171 0.005218039232902427 0.011082952237380487 0.022692166679929487 0.042198603058020534 0.06873127923092025 0.10075930698904625 0.13968355591996753 0.18644955228678736 0.21483987385650394 0.2484686704825144 0.2673399156712536 0.29755759961310874 0.32324602188839285 0.33818318385893575 0.3469693738447122 0.3395398743510401 0.28136151345588467 0.19949324793262116 0.16851146853933371 0.20680926060251442 0.38561100942201026 0.4624285457633052 0.3339838278694974 0.2716165440643089 0.2599408008977772 0.14337819755977735 0.23826293294992767 0.13116245626647857 0.03584715850483048 0.008915327819961648 0.0038698639170289214 0.003300856545455014 0.0033878691221783694 0.0038502314115812686 0.0018958598887762628 1.8113656469121445E-4 2.1216989886372813E-5 0.0 0.0 0.0 0.0 0.0 0.0 0.0 0.0 0.0 0.0 0.0 
0.0 0.0 0.0 0.0 0.0 0.0 0.0 0.0 0.0 0.0 0.0 0.0 0.0 3.27773056841183E-5 1.5052617114913168E-4 0.0010283336556190065 0.003918997121170161 0.00851670594568106 0.017406650598797615 0.035796654574620786 0.06096297995759324 0.09421629826438603 0.1350007517137763 0.19039794578265548 0.2240076433866876 0.2860169257827201 0.308832535922713 0.3574152710586838 0.38823822886465087 0.4171184168012473 0.4068500224809348 0.3314374996448364 0.22621010189794322 0.1536286971108963 0.1603993842529162 0.24461624175304955 0.4263940699385424 0.43241219756588206 0.2716640666394149 0.2674436118592524 0.2762006946106577 0.12251342021322212 0.19716043705871814 0.12293404276960065 0.04763230296269746 0.01558098139912178 0.004703093189898299 0.003069938218173794 0.0031782582342232044 0.003356442439998263 0.0010429886673818042 1.6094154776804527E-5 0.0 0.0 0.0 0.0 0.0 0.0 0.0 0.0 0.0 0.0 0.0 0.0 
0.0 0.0 0.0 0.0 0.0 0.0 0.0 0.0 0.0 0.0 0.0 0.0 0.0 8.608954539684683E-6 1.6023722304726707E-5 0.0010052013816985168 0.0033554065133075206 0.0073000968909647575 0.014694187431902145 0.030917841213636478 0.053487630791418515 0.08912843088802604 0.13479623947074942 0.19303897242054693 0.23646675264908656 0.303529184228296 0.33941658406082054 0.4049847651746344 0.4446218937800064 0.4787614248314088 0.4425503752305957 0.3238719517070004 0.20949950210516044 0.1525473330918858 0.18719708324958453 0.30457868405799116 0.4378939950244559 0.37204451582251113 0.21186397582318048 0.24892544457986732 0.23706688153794206 0.08469988793201921 0.1434930849229036 0.1129771747633114 0.06410749813808689 0.025592991875967322 0.00677648318152443 0.0037859658273984337 0.0036571910970201933 0.0030724164958551054 8.190029073601425E-4 1.641117287494339E-7 0.0 0.0 0.0 0.0 0.0 0.0 0.0 0.0 0.0 0.0 0.0 0.0 
0.0 0.0 0.0 0.0 0.0 0.0 0.0 0.0 0.0 0.0 0.0 0.0 0.0 1.5680067570731723E-6 6.0048764787449074E-5 4.7509519024482725E-4 0.0028331116404777647 0.006413963542037982 0.0123020216990619 0.026884264856157882 0.047479111269378524 0.08699535630778256 0.13208458092704944 0.19054046977976025 0.23952545958201657 0.31213091904516305 0.36228238510095734 0.4272013195909573 0.47420277857055404 0.4974151990466274 0.43705425174843265 0.2938428672028802 0.1868317861457751 0.16917219238968645 0.211284859605909 0.31889006020130434 0.42371181657383583 0.30427950509520785 0.16627857344136 0.20972046270950273 0.1736329209916605 0.05779720196296266 0.10429612913182107 0.1182560206101356 0.08298725736605032 0.03462491474127427 0.008952858185965019 0.004460075406004464 0.004113097235410505 0.0026770233745989796 4.4378254982512877E-4 0.0 0.0 0.0 0.0 0.0 0.0 0.0 0.0 0.0 0.0 0.0 0.0 0.0 
0.0 0.0 0.0 0.0 0.0 0.0 0.0 0.0 0.0 0.0 0.0 0.0 0.0 1.355593124106137E-4 1.694856772137145E-5 6.828980335260044E-4 0.0032876583911724683 0.006041068670391492 0.011624025989141414 0.02539002231163525 0.04507907171486657 0.08405505577913702 0.1348467535333404 0.18887503775203748 0.23685847110565197 0.3123783129763323 0.3753051103976584 0.430790602959162 0.4861640084286233 0.4921640122343868 0.4011846109067246 0.25511110314705837 0.1821330679797591 0.17516134477942752 0.20360283691034606 0.32429357054180763 0.42079275707486063 0.2606576979604363 0.14082064760733048 0.19126223275648602 0.1264388727818201 0.046096265125574035 0.08721401299298855 0.1262390294901245 0.09378860838759552 0.038400017738242455 0.01110353088078043 0.0055758924486465295 0.004650885214075866 0.0031313292960141992 1.6995813847263446E-4 0.0 0.0 0.0 0.0 0.0 0.0 0.0 0.0 0.0 0.0 0.0 0.0 0.0 
0.0 0.0 0.0 0.0 0.0 0.0 0.0 0.0 0.0 0.0 0.0 0.0 0.0 1.3082516237236495E-4 2.187765562044381E-5 7.048756789291745E-4 0.0022724772584004774 0.004937986138736857 0.010520530944388859 0.02167870259910687 0.0431982639947118 0.0770805951872303 0.12116481068541617 0.1730630678576094 0.23099638376670983 0.2978275960018538 0.3617530976301815 0.41315575415954703 0.45323449510017233 0.4323626890290882 0.33405932571839864 0.2060062116588708 0.15274309540109568 0.16760037398283947 0.20818497435393615 0.33504772220370604 0.41021335500825507 0.2300209790272513 0.12738697320086786 0.16927835872506614 0.08787731495103392 0.04716407646114675 0.07669816654414709 0.1260701528442589 0.09627419145301287 0.04026074157311028 0.013015000853742367 0.006703101693839401 0.004659934614143278 0.002234794721719907 3.18973447064918E-5 0.0 0.0 0.0 0.0 0.0 0.0 0.0 0.0 0.0 0.0 0.0 0.0 0.0 
0.0 0.0 0.0 0.0 0.0 0.0 0.0 0.0 0.0 0.0 0.0 0.0 0.0 0.0 1.1894111663710035E-5 1.1377435141990366E-4 0.0012545556471365215 0.004103809880694542 0.008837034272164016 0.018040210901572522 0.04021855276301288 0.0714995343081666 0.12160443969578705 0.16398317758656353 0.21318871659095626 0.2681661333015078 0.31955278225242406 0.36047243058410783 0.37436303608063437 0.33960976594260534 0.24595328490778792 0.14782067789451397 0.11943499709475389 0.13776450942799795 0.17990529940509176 0.31496835922643607 0.3824146065236723 0.21086731453207214 0.12659682813802475 0.14908629088128075 0.06478368074211868 0.04546642811090467 0.07021934875974976 0.1134172976023473 0.08508573413637027 0.038731132394625334 0.014870182790101685 0.007883681024740644 0.004919691191136509 0.0013757092089289385 6.706970318894946E-5 0.0 0.0 0.0 0.0 0.0 0.0 0.0 0.0 0.0 0.0 0.0 0.0 0.0 
0.0 0.0 0.0 0.0 0.0 0.0 0.0 0.0 0.0 0.0 0.0 0.0 0.0 0.0 0.0 1.1185125375811063E-4 7.169267461784337E-4 0.0032687360976320764 0.007602178598604451 0.015140930156995382 0.03531858812997045 0.0632783853391735 0.1030951174689451 0.13371076788378064 0.18417155454741754 0.2281067862287613 0.2765263361992231 0.3010527179656302 0.300118961437026 0.25905966692165433 0.1721506033506413 0.09794202477317529 0.08445407611425634 0.106968282658661 0.16011839919757548 0.3048134480186805 0.35388434798801155 0.1950802036632772 0.12745406465787676 0.13031835698641275 0.05160434838088691 0.041171382561979754 0.06352676867592515 0.09382758380133044 0.07554732185310281 0.03966968474337846 0.01878635710578269 0.010081623239906296 0.005319932594779762 0.001279090799923005 8.549753437984517E-6 0.0 0.0 0.0 0.0 0.0 0.0 0.0 0.0 0.0 0.0 0.0 0.0 0.0 
0.0 0.0 0.0 0.0 0.0 0.0 0.0 0.0 0.0 0.0 0.0 0.0 0.0 0.0 0.0 9.013221867119775E-5 3.9488357369804866E-4 0.0022012795578356887 0.006023071354527165 0.012916382390971997 0.02811903467652364 0.05444330710008478 0.08684615307616683 0.11557050852084536 0.16065715222678426 0.19679072250351304 0.23527165334140038 0.2513780275861646 0.23678871989394445 0.1939989718025968 0.12538525202771697 0.07037181616358021 0.06650264771606756 0.09242814530468665 0.14654930550730108 0.27503222590536963 0.31461831799729845 0.19295710244335065 0.14237185131101604 0.13430450630361299 0.050457153014247316 0.040669741911761835 0.062362849276707356 0.08203829761477092 0.07049059488898335 0.04214729627365904 0.021868927674862877 0.011775085414205804 0.005611893120714032 9.008511921456066E-4 2.2398163712552156E-5 0.0 0.0 0.0 0.0 0.0 0.0 0.0 0.0 0.0 0.0 0.0 0.0 0.0 
0.0 0.0 0.0 0.0 0.0 0.0 0.0 0.0 0.0 0.0 0.0 0.0 0.0 0.0 0.0 0.0 9.171405549178941E-5 0.001418141976671591 0.004844469136956585 0.011108346189149182 0.024051175629067258 0.04428817054632389 0.07061229222490793 0.10060798275516777 0.13696720085350136 0.16610655231144503 0.1919573026492266 0.20768792027314484 0.18863912283191506 0.15475797890885165 0.09789290250223172 0.05970169217475932 0.060675410935802934 0.08444370791771473 0.15375950663174356 0.25960805256414526 0.2926104738091265 0.19668721966567754 0.15516774614727125 0.13910520235164184 0.051231768769594545 0.04196642027900086 0.0628000820049178 0.0716660387252254 0.06440015893201406 0.04264757862951151 0.023346855446480567 0.012166731841246971 0.0054353970539999415 9.093861180535846E-4 3.1932910853272546E-5 0.0 0.0 0.0 0.0 0.0 0.0 0.0 0.0 0.0 0.0 0.0 0.0 0.0 
0.0 0.0 0.0 0.0 0.0 0.0 0.0 0.0 0.0 0.0 0.0 0.0 0.0 0.0 0.0 0.0 5.766094972151855E-5 8.777565720991679E-4 0.0038770501965157723 0.00871518503405156 0.018331444334353596 0.036024328442504513 0.05878612877219092 0.08176543273267443 0.11175367965110979 0.14044223565192193 0.16552691678653556 0.1770976253335211 0.1607255110178031 0.13324116559281424 0.09020621589171468 0.06546780633515975 0.07049368070417707 0.10130833531312214 0.1730142620279806 0.23692100328320054 0.2605128347842802 0.1913217933656993 0.15737282415993734 0.13318686509256664 0.049464233501209084 0.039345280487823424 0.05955035782945613 0.06653450012496812 0.05946914488927072 0.04285210314320998 0.02545683947310118 0.0125246059284408 0.005335966189237413 0.001358647835128001 3.811892286849854E-6 0.0 0.0 0.0 0.0 0.0 0.0 0.0 0.0 0.0 0.0 0.0 0.0 0.0 
0.0 0.0 0.0 0.0 0.0 0.0 0.0 0.0 0.0 0.0 0.0 0.0 0.0 0.0 0.0 0.0 3.3488367458079334E-5 4.539416409510179E-4 0.002518737943671612 0.006268524441804304 0.01334207653969919 0.0275034289063866 0.04135763610251881 0.06466158785288713 0.09545310156236093 0.12280259056045989 0.14506385971381022 0.15588127428142498 0.14737440044798975 0.12503130339272717 0.09435167844678057 0.08117647559051122 0.08654100650533587 0.1218374549368136 0.18044192296615927 0.2157364388372858 0.2289090755478265 0.19287476127159547 0.1666989641808242 0.13120786417172098 0.05099779644944115 0.039069245303092685 0.060028710435082254 0.06657829819761629 0.05457659185939023 0.039615511343897035 0.024477352857740897 0.012465082580290048 0.004981073858769918 0.001282094585649114 0.0 0.0 0.0 0.0 0.0 0.0 0.0 0.0 0.0 0.0 0.0 0.0 0.0 0.0 
0.0 0.0 0.0 0.0 0.0 0.0 0.0 0.0 0.0 0.0 0.0 0.0 0.0 0.0 0.0 0.0 9.644582456305266E-6 2.1309321534977862E-4 0.0013950504632939027 0.00469460661238402 0.01006830219168832 0.020091584810133074 0.03557932672487189 0.056988945369905 0.07926506024329981 0.10789817583679315 0.13132047524408066 0.13932703581953776 0.1360377565103964 0.1196033907247976 0.10407115242255588 0.1020297762793676 0.11536887239845757 0.15470075501159472 0.20186212121247651 0.2151335306491986 0.20149997241479795 0.19708057872233795 0.17594021004359434 0.12887873757374618 0.05179909653663341 0.03654605980682052 0.06256932746666255 0.06407303913133802 0.047216004441327675 0.03452130887413588 0.02074402683204173 0.011091376063910748 0.004854398947751946 8.23523470108553E-4 0.0 0.0 0.0 0.0 0.0 0.0 0.0 0.0 0.0 0.0 0.0 0.0 0.0 0.0 
0.0 0.0 0.0 0.0 0.0 0.0 0.0 0.0 0.0 0.0 0.0 0.0 0.0 0.0 0.0 0.0 0.0 1.34950726098291E-4 6.177347875823403E-4 0.0036279521309788105 0.007532086272518965 0.014833877526094935 0.02752622891613473 0.04542046400538747 0.06381059217487091 0.09190518609365542 0.1111858336873051 0.1227097718293048 0.12516514258564054 0.11945301818174073 0.11331545974094619 0.12536468883444668 0.16068243069399626 0.2039128824247041 0.22300549798827668 0.20062860744353334 0.17426882534987495 0.18503942892681136 0.16758816301843 0.11282333592534853 0.04405997507296729 0.03282233419766821 0.06140432844784234 0.058379097460648455 0.04159010925716114 0.03063839500276909 0.018883837193724384 0.010511577399286801 0.004170013562979003 5.292821564038881E-4 0.0 0.0 0.0 0.0 0.0 0.0 0.0 0.0 0.0 0.0 0.0 0.0 0.0 0.0 
0.0 0.0 0.0 0.0 0.0 0.0 0.0 0.0 0.0 0.0 0.0 0.0 0.0 0.0 0.0 0.0 0.0 7.288908855529667E-5 2.4903279291060116E-4 0.00178268634295457 0.005079194694752297 0.009869214984915367 0.018198804854197014 0.0336720196822001 0.05199479335275468 0.07720205684212761 0.09362488174509788 0.10767074498548447 0.11448906480520718 0.11640193378457761 0.11861272714058038 0.14321487986548237 0.1852401345130737 0.21613217129561801 0.2127847165661338 0.1705540948283974 0.14768784770306023 0.16364663634096416 0.15189954282858367 0.09452766222852335 0.03738808202619191 0.030211365650881422 0.06019054692228388 0.055763804141137054 0.041371475550711787 0.032365429518324496 0.01961295019094603 0.011297592377591148 0.004213776278382534 5.045823645720403E-4 0.0 0.0 0.0 0.0 0.0 0.0 0.0 0.0 0.0 0.0 0.0 0.0 0.0 0.0 
0.0 0.0 0.0 0.0 0.0 0.0 0.0 0.0 0.0 0.0 0.0 0.0 0.0 0.0 0.0 0.0 0.0 7.066575466718022E-5 1.8667692470780356E-4 5.319047477076196E-4 0.0032740403586306384 0.0077505590533252545 0.015385727402841819 0.027822500135322056 0.04235102493137519 0.06324592098376375 0.078770121864107 0.09008946257866586 0.10026291735750108 0.10359392493118828 0.11325217035196351 0.13658701982862984 0.1788709555261347 0.20001906920098828 0.18970273530349951 0.15036897149046846 0.12782940066451642 0.1478095410013784 0.14055807493693434 0.08050877802997441 0.034239433560680196 0.027648578533167347 0.059093762346046956 0.05410761362875625 0.04160695275008281 0.03402027996840732 0.020075673138526134 0.010639023321670988 0.003692165827183779 2.4757748719758253E-4 0.0 0.0 0.0 0.0 0.0 0.0 0.0 0.0 0.0 0.0 0.0 0.0 0.0 0.0 
0.0 0.0 0.0 0.0 0.0 0.0 0.0 0.0 0.0 0.0 0.0 0.0 0.0 0.0 0.0 0.0 0.0 4.9718635228916954E-5 5.4855750219382056E-5 1.90139237695864E-4 0.0017121635256182313 0.005400729012881014 0.01137038606477906 0.02047481233158456 0.03318449252850045 0.05018113646668384 0.0633094387571475 0.07581483816742508 0.08904507499851394 0.0938949079172886 0.10924980497728702 0.13704577535746396 0.1862653322149333 0.20696598223273288 0.1911777642406491 0.14556334731236978 0.1188972429186265 0.1383455004171485 0.13195340225088464 0.07056325912854604 0.032002084098403855 0.026101286614925095 0.05804427811958199 0.05350740179267313 0.04126418914693486 0.03267012384194508 0.018253424580014704 0.008710816781603398 0.002346896894828215 3.812428133030765E-5 0.0 0.0 0.0 0.0 0.0 0.0 0.0 0.0 0.0 0.0 0.0 0.0 0.0 0.0 
0.0 0.0 0.0 0.0 0.0 0.0 0.0 0.0 0.0 0.0 0.0 0.0 0.0 0.0 0.0 0.0 0.0 0.0 4.459727708872782E-6 5.0714225540270924E-5 5.313228950066906E-4 0.0034323471800948666 0.008455824027148225 0.01471408512972127 0.026822168308184288 0.040396101199831246 0.051946077084509774 0.06221810024653461 0.07525497979490414 0.08721449783971104 0.11658725325892251 0.15243292119827476 0.20433755099626086 0.21049934767336514 0.18760766193250658 0.13201164067708068 0.10437422132804727 0.12212363912514426 0.11237060021931032 0.06008552035261229 0.027800389572989928 0.023070835116869245 0.04925679245533471 0.04581610707256568 0.036872166168555126 0.027225328355828145 0.014979126525936528 0.007114064101241595 0.001651708338998536 0.0 0.0 0.0 0.0 0.0 0.0 0.0 0.0 0.0 0.0 0.0 0.0 0.0 0.0 0.0 
0.0 0.0 0.0 0.0 0.0 0.0 0.0 0.0 0.0 0.0 0.0 0.0 0.0 0.0 0.0 0.0 0.0 0.0 0.0 2.228854383609947E-6 7.246159083899144E-5 0.00200387665235832 0.004387365496587835 0.010387054157310869 0.01815471187318182 0.029301838831661823 0.03676093035712687 0.046347262788150344 0.05716043948519814 0.07457854050007127 0.10693619618903015 0.13811738644413246 0.17782675484028504 0.18007485358036007 0.15410739768670637 0.10760140123590788 0.08421229366224293 0.10081310201714762 0.089852037206933 0.04654607613112337 0.021555405318286706 0.02002677015022809 0.04071225420049249 0.039410921525529836 0.03129896106837105 0.022001029337255142 0.013464083162267713 0.006540692045455784 0.001750393514181594 0.0 0.0 0.0 0.0 0.0 0.0 0.0 0.0 0.0 0.0 0.0 0.0 0.0 0.0 0.0 
0.0 0.0 0.0 0.0 0.0 0.0 0.0 0.0 0.0 0.0 0.0 0.0 0.0 0.0 0.0 0.0 0.0 0.0 0.0 0.0 1.8456709815504203E-6 5.220565727373853E-4 0.0030837318313345842 0.006388395361176016 0.011642655608179227 0.017606375027380678 0.02435324105051697 0.034215665854575764 0.04646411539539996 0.06378383610371775 0.092381358012424 0.12734336660122758 0.1571724854996812 0.15557551316063087 0.13261128774155082 0.09368702723367092 0.07227170620454884 0.08537985005935694 0.0769864590167325 0.03933304771017047 0.01776357527689768 0.015776513281684824 0.03645316806673536 0.03537332087243178 0.02911080105966215 0.021438690665025593 0.013558213526821027 0.0066062431444026135 0.002009671176649407 0.0 0.0 0.0 0.0 0.0 0.0 0.0 0.0 0.0 0.0 0.0 0.0 0.0 0.0 0.0 
0.0 0.0 0.0 0.0 0.0 0.0 0.0 0.0 0.0 0.0 0.0 0.0 0.0 0.0 0.0 0.0 0.0 0.0 0.0 0.0 0.0 1.0441551207710663E-4 0.0020425445828664655 0.004714970636958513 0.009151444161619551 0.013507782886201582 0.019755569436871703 0.02893035464507266 0.04467239162335315 0.06404017214413826 0.09569996700232278 0.13170671606101947 0.14886474901257896 0.14604951260897034 0.12315737035766518 0.08388250901437946 0.06539820124134756 0.07637150117870264 0.0707043921719535 0.03592113903713579 0.016145746244519515 0.013482582968486565 0.03132556291798928 0.03206622566862796 0.026791999396637862 0.021636109153718257 0.013803415980758384 0.00700276984274834 0.0022613492906738758 0.0 0.0 0.0 0.0 0.0 0.0 0.0 0.0 0.0 0.0 0.0 0.0 0.0 0.0 0.0 
0.0 0.0 0.0 0.0 0.0 0.0 0.0 0.0 0.0 0.0 0.0 0.0 0.0 0.0 0.0 0.0 0.0 0.0 0.0 0.0 0.0 8.714871843064772E-5 0.0014364482130957697 0.003848595268115308 0.008121482420959386 0.011317536244445875 0.01677948295968707 0.026831052501799447 0.044189845896050114 0.06607544091834137 0.09814529173215686 0.1239308649033607 0.132395603511196 0.12436037616679521 0.1064407606028881 0.07429803512700243 0.06044204165426944 0.0732015578112742 0.06821590486440285 0.03462015162085722 0.014397127291094162 0.011142596824786353 0.024913093589591408 0.02851263350851733 0.02567355532623447 0.021146695540876614 0.013381549231039838 0.0062707421709564245 0.001422781581103301 0.0 0.0 0.0 0.0 0.0 0.0 0.0 0.0 0.0 0.0 0.0 0.0 0.0 0.0 0.0 
0.0 0.0 0.0 0.0 0.0 0.0 0.0 0.0 0.0 0.0 0.0 0.0 0.0 0.0 0.0 0.0 0.0 0.0 0.0 0.0 0.0 1.3623412297538107E-5 3.248274868894937E-4 0.0026067888069320213 0.005730935261061789 0.008863722055904223 0.014223260801786623 0.02565990042143568 0.041691570175679975 0.06665528082346242 0.09580034033690535 0.12138032749478253 0.12963933020439117 0.12329123997324634 0.10521300082691674 0.07211875911234612 0.054747544769647716 0.06985494589190687 0.06575497114706497 0.031401917406317856 0.012480305769433419 0.009900794032587023 0.0197841808189047 0.02354297749148524 0.022329270737225192 0.018575909093537898 0.011283238765129365 0.004645594016801707 6.388450681783485E-4 0.0 0.0 0.0 0.0 0.0 0.0 0.0 0.0 0.0 0.0 0.0 0.0 0.0 0.0 0.0 
0.0 0.0 0.0 0.0 0.0 0.0 0.0 0.0 0.0 0.0 0.0 0.0 0.0 0.0 0.0 0.0 0.0 0.0 0.0 0.0 0.0 0.0 3.407766570430618E-4 0.0023877008388209974 0.0054776115612913375 0.008739698487407448 0.015036100493382942 0.028179686249586347 0.04623359725273578 0.07458740645592188 0.10413909145021506 0.12389311644643988 0.12787729416882568 0.12099026238171263 0.10281825959946263 0.06675929814303978 0.04974734046762298 0.06818327918024433 0.06517198279771413 0.028457105213239242 0.010982452213644753 0.009356042648792015 0.017615022996982446 0.017000106694067395 0.01505564135632909 0.010360660591931114 0.005241477831374196 0.0017151246397790196 1.54722689767403E-4 0.0 0.0 0.0 0.0 0.0 0.0 0.0 0.0 0.0 0.0 0.0 0.0 0.0 0.0 0.0 
0.0 0.0 0.0 0.0 0.0 0.0 0.0 0.0 0.0 0.0 0.0 0.0 0.0 0.0 0.0 0.0 0.0 0.0 0.0 0.0 0.0 0.0 4.928616535743964E-4 0.003442658471420818 0.006180998117787726 0.010445624242686986 0.017139473777884908 0.030937129743533288 0.04659915859698399 0.07195392018096047 0.09460401055752687 0.11062899798394146 0.10515280494610274 0.09482086684080376 0.0759777518769688 0.043015770003228676 0.02909528108476643 0.03293496394602775 0.024392677147565486 0.0074306346965082835 0.0017501020638610604 5.419631288985635E-4 0.0 0.0 0.0 0.0 0.0 0.0 0.0 0.0 0.0 0.0 0.0 0.0 0.0 0.0 0.0 0.0 0.0 0.0 0.0 0.0 0.0 0.0 
