-168.85042158516023 1.6381154864006792E-5 -1.9835296004325502 -1.5195505340714395E-4 4.3557206044682215E-5
-168.1908496258432 1.7552591236842407E-5 -2.011546046302086 -1.5596972922301994E-4 4.9476292614065626E-5
-167.53127766652617 1.8496134674230447E-5 -2.0430380939267074 -1.5842838944831085E-4 5.580477057579404E-5
-166.87170570720914 1.9200550012929846E-5 -2.0782828741351915 -1.5931327000040684E-4 6.251010813232994E-5
-166.2121337478921 1.9668918964105796E-5 -2.1175616942968407 -1.5863584697648075E-4 6.955100760652892E-5
-165.55256178857508 1.9917804386731898E-5 -2.161139176691829 -1.564358017438097E-4 7.687756913710271E-5
-164.89298982925803 1.9975431970276787E-5 -2.209235938880828 -1.5277929596285494E-4 8.443169832584082E-5
-164.233417869941 1.9879064823085285E-5 -2.2619941176542158 -1.477566192261021E-4 9.214775867027912E-5
-163.573845910624 1.9671809479741872E-5 -2.3194366411415017 -1.414792892944839E-4 9.995346144604398E-5
-162.91427395130694 1.9399131566227783E-5 -2.3814236760849785 -1.3407669949265378E-4 1.0777097753729615E-4
-162.25470199198992 1.9105372881516585E-5 -2.4476129216135156 -1.2569241926142669E-4 1.1551824784594436E-4
-161.59513003267287 1.8830548706158117E-5 -2.5174335052818035 -1.164802618419383E-4 1.231104616293675E-4
-160.93555807335585 1.8607667054518897E-5 -2.5900845106561547 -1.0660023738140235E-4 1.3046166569544068E-4
-160.27598611403883 1.8460754916245472E-5 -2.664566735737777 -9.62145103232464E-5 1.3748646206865507E-4
-159.61641415472178 1.8403706540991654E-5 -2.739749299139798 -8.548347681855829E-5 1.4410174774142815E-4
-158.95684219540476 1.8439992740631915E-5 -2.814462752894978 -7.456207123202845E-5 1.5022844760747645E-4
-158.2972702360877 1.8563195440214114E-5 -2.887601495973985 -6.359640088984193E-5 1.5579319075235805E-4
-157.6376982767707 1.8758265157328893E-5 -2.958214973577415 -5.27207954053058E-5 1.607298810105675E-4
-156.97812631745364 1.9003346349451825E-5 -3.0255711993667616 -4.205534168688274E-5 1.6498111508835348E-4
-156.31855435813662 1.927198053013606E-5 -3.089185345628934 -3.170395861838764E-5 1.684994055381631E-4
-155.6589823988196 1.9535481595454215E-5 -3.148815939000776 -2.175304699415605E-5 1.712481713376877E-4
-154.99941043950255 1.9765281736300574E-5 -3.204437710460291 -1.2270731213432452E-5 1.7320246560303387E-4
-154.33983848018553 1.9935067565408825E-5 -3.25620209924993 -3.306690122980869E-6 1.743494178323133E-4
-153.68026652086849 2.0022561059914554E-5 -3.304394837194307 5.10744413292226E-6 1.7468837677269027E-4
-153.02069456155147 2.001084398679779E-5 -3.349396861342437 1.2957157746921743E-5 1.7423074923849033E-4
-152.36112260223442 1.9889172564508014E-5 -3.3916516037915505 2.0243651490378927E-5 1.7299953966674027E-4
-151.7015506429174 1.9653276268588626E-5 -3.4316392950513093 2.698202912097404E-5 1.710286045546902E-4
-151.04197868360038 1.9305176597438156E-5 -3.469857451393857 3.3199156363633127E-5 1.6836164485937435E-4
-150.38240672428333 1.8852594991584178E-5 -3.5068060216984085 3.8931276835589124E-5 1.6505096764071842E-4
-149.7228347649663 1.8308041933444586E-5 -3.54297548478974 4.4221476169922966E-5 1.611560554119106E-4
-149.06326280564926 1.7687690876713662E-5 -3.5788362984225315 4.911708730651477E-5 1.5674198757159905E-4
-148.40369084633224 1.7010141654181147E-5 -3.614828373702296 5.366712848640876E-5 1.5187776272436112E-4
-147.7441188870152 1.6295170010013008E-5 -3.651349627423458 5.79198610302072E-5 1.466345734923155E-4
-147.08454692769817 1.5562545226944327E-5 -3.6887431434531326 6.192054672976887E-5 1.410840864830261E-4
-146.42497496838115 1.483097913955907E-5 -3.7272830659142473 6.570947494926361E-5 1.3529677936868032E-4
-145.7654030090641 1.4117249784203062E-5 -3.7671600489907124 6.932031771074836E-5 1.293403845741334E-4
-145.10583104974708 1.3435523830975656E-5 -3.808467846083203 7.277885758380169E-5 1.2327848495327239E-4
-144.44625909043003 1.2796885492727055E-5 -3.851193298579409 7.610211861099662E-5 1.1716930120031209E-4
-143.786687131113 1.2209066823801952E-5 -3.8952123607035145 7.92979153074046E-5 1.1106470379467306E-4
-143.127115171796 1.1676365502014501E-5 -3.9402946143586517 8.236481951076807E-5 1.050094742615743E-4
-142.46754321247894 1.1199730994010298E-5 -3.986117803136927 8.529253005524416E-5 9.904083172985843E-5
-141.80797125316192 1.0776997636061611E-5 -4.032292280323832 8.80626163953913E-5 9.31882314960403E-5
-141.14839929384488 1.0403242569740116E-5 -4.078393261788586 9.06495948715357E-5 8.747343288780429E-5
-140.48882733452785 1.0071246582953196E-5 -4.123996994312611 9.302228567861869E-5 8.191082449458944E-5
-139.8292553752108 9.772035829914416E-6 -4.168716013333341 9.51453900997524E-5 7.650798612299976E-5
-139.1696834158938 9.495481578575537E-6 -4.212228921922636 9.698122143524349E-5 7.126645894758633E-5
-138.51011145657677 9.230933410443772E-6 -4.25430147269095 9.849151945002564E-5 6.618268853879957E-5
-137.85053949725972 8.967858935482053E-6 -4.294797676354195 9.963927713906034E-5 6.124909999590044E-5
-137.1909675379427 8.69646067993231E-6 -4.333681553151732 1.0039051014018887E-4 5.645526048005559E-5
-136.53139557862565 8.40823915794306E-6 -4.371011488004489 1.0071590308840652E-4 5.178908216319716E-5
-135.87182361930863 8.096471087435569E-6 -4.406929747494122 1.0059227340176279E-4 4.7238018052573736E-5
-135.21225165999158 7.756573961736688E-6 -4.441649645807365 1.0000380114240049E-4 4.279020432771974E-5
-134.55267970067456 7.386333161827095E-6 -4.4754423402005745 9.894298336711634E-5 3.843550568065512E-5
-133.89310774135754 6.985975522414407E-6 -4.5086245447296855 9.741128238453719E-5 3.4166424566630474E-5
-133.2335357820405 6.558083350154928E-6 -4.541547758532518 9.541944914785282E-5 2.997884107906772E-5
-132.57396382272347 6.10735453188587E-6 -4.574589007033515 9.298751519398241E-5 2.587255713685456E-5
-131.91439186340642 5.640226448598571E-6 -4.608142612881002 9.014445864862831E-5 2.1851626550700924E-5
-131.2548199040894 5.164392639891845E-6 -4.642612127650254 8.692756142318877E-5 1.792446102232655E-5
-130.59524794477238 4.688250257543997E-6 -4.678401233297515 8.338148543216347E-5 1.4103710908583544E-5
-129.93567598545533 4.220322198341535E-6 -4.715902147047094 7.955710509979243E-5 1.0405928326409992E-5
-129.2761040261383 3.7686996437565195E-6 -4.755479857199637 7.551014129567235E-5 6.8510285599133184E-6
-128.61653206682126 3.34054823590049E-6 -4.797450466536549 7.129964789978663E-5 3.461573449307428E-6
-127.95696010750424 2.9417144679395186E-6 -4.842052196234638 6.698640627508681E-5 2.6190720968136917E-7
-127.29738814818721 2.576458737321898E-6 -4.889408464934122 6.263128492500559E-5 -2.7228193005608575E-6
-126.63781618887018 2.2473289895235787E-6 -4.939484194000238 5.8293621513382554E-5 -5.46769566791725E-6
-125.97824422955314 1.9551753371200023E-6 -4.992039256098941 5.4029682282592735E-5 -7.949127547331258E-6
-125.3186722702361 1.6992929531755602E-6 -5.046586503495287 4.989124984900758E-5 -1.0145897009320143E-5
-124.65910031091907 1.4776693166896588E-6 -5.10236504556511 4.592438457910159E-5 -1.2040164474568466E-5
-123.99952835160205 1.2873036939848877E-6 -5.158340538414468 4.216839750336247E-5 -1.3618371409695199E-5
-123.33995639228502 1.124562353764783E-6 -5.2132412042466605 3.8655064308916524E-5 -1.4872006807749723E-5
-122.68038443296798 9.855327449833668E-7 -5.265630451487082 3.540810069657901E-5 -1.5798205717256513E-5
-122.02081247365095 8.6634353026094E-7 -5.314006427906348 3.244290964999783E-5 -1.640015451213295E-5
-121.36124051433391 7.634243208293275E-7 -5.3569102764234025 2.9766601306366288E-5 -1.6687284966779813E-5
-120.70166855501688 6.736881981791802E-7 -5.3930229168618915 2.7378276499578944E-5 -1.667524723620813E-5
-120.04209659569986 5.94630406464869E-7 -5.421236170235488 2.526955600801172E-5 -1.6385660237029687E-5
-119.38252463638283 5.243466721848803E-7 -5.440694931622065 2.3425329393002623E-5 -1.5845646365293518E-5
-118.72295267706579 4.6148327161097496E-7 -5.450817648006039 2.182469033058576E-5 -1.5087165655406689E-5
-118.06338071774876 4.0513728801181113E-7 -5.45130840481265 2.0442019741559965E-5 -1.414617207473708E-5
-117.40380875843172 3.5472889978078944E-7 -5.442173996432019 1.9248173978240566E-5 -1.3061621378514937E-5
-116.74423679911469 3.0986784579799273E-7 -5.423754107445027 1.8211732936628404E-5 -1.1874365568860572E-5
-116.08466483979765 2.702336618840082E-7 -5.396763721587701 1.7300262270925627E-5 -1.0625973302894688E-5
-115.42509288048063 2.3548446103076797E-7 -5.362336242142515 1.648154487332945E-5 -9.357518419510859E-6
-114.7655209211636 2.052027832086633E-7 -5.322046999877218 1.5724739362541925E-5 -8.10838000073396E-6
-114.10594896184656 1.7888033749621488E-7 -5.277894971943634 1.500142736224657E-5 -6.915097007791135E-6
-113.44637700252953 1.5593725826165603E-7 -5.232230427584028 1.4286516656257578E-5 -5.810318552786982E-6
-112.7868050432125 1.3576661610537027E-7 -5.18763768975316 1.3558973651513638E-5 -4.821887360651153E-6
-112.12723308389546 1.1779193794811727E-7 -5.146806820273421 1.280236570022217E-5 -3.972089077957405E-6
-111.46766112457844 1.0152466645932313E-7 -5.1124426374556435 1.2005201445552365E-5 -3.2770939807765675E-6
-110.8080891652614 8.660976888120862E-8 -5.0872559740819225 1.1161065165880849E-5 -2.746610553805754E-6
-110.14851720594437 7.285073371714072E-8 -5.0740639551589775 1.026854880771173E-5 -2.3837626236361433E-6
-109.48894524662734 6.02093859179993E-8 -5.076003028516482 9.330992733879094E-6 -2.18519352267125E-6
-108.8293732873103 4.878058997643696E-8 -5.096831624244542 8.356052911495302E-6 -2.1413924432364126E-6
-108.16980132799327 3.8746256881655185E-8 -5.14124306678724 7.355118092363463E-6 -2.2372300246431665E-6
-107.51022936867625 3.031647290035964E-8 -5.2149501822735225 6.3426053069332605E-6 -2.4526826005288516E-6
-106.85065740935921 2.3667550317246426E-8 -5.323920794189382 5.3351655536783405E-6 -2.7637177024477102E-6
-106.19108545004218 1.8887124967868294E-8 -5.471603959588544 4.350833822324538E-6 -3.143307620122562E-6
-105.53151349072515 1.5935116126624835E-8 -5.653502839895236 3.408158494719554E-6 -3.56253327213575E-6
-104.87194153140811 1.4626690209025065E-8 -5.85268183505316 2.525344727829455E-6 -3.991737508179294E-6
-104.21236957209108 1.4639794913049052E-8 -6.044352747332725 1.7194446944973014E-6 -4.401685357965502E-6
-103.55279761277404 1.554593691154304E-8 -6.208753274503897 1.0056246435154533E-6 -4.764688716661334E-6
-102.89322565345702 1.6859272767572988E-8 -6.3384846902146155 3.9653478401659423E-7 -5.055654508924338E-6
-102.23365369413999 1.809631321653944E-8 -6.435449590388293 -9.819681768879743E-8 -5.2530184389287925E-6
-101.57408173482295 1.8837005575417172E-8 -6.504987901009384 -4.7233061234946117E-7 -5.339530893789124E-6
-100.91450977550592 1.8777859720620383E-8 -6.552307203218316 -7.232323949874893E-7 -5.30286725029534E-6
-100.25493781618889 1.7769099842731287E-8 -6.5811359038354205 -8.519368571835355E-7 -5.136041524663373E-6
-99.59536585687185 1.5830325081563993E-8 -6.59330720990388 -8.630601802827062E-7 -4.837609747972171E-6
-98.93579389755483 1.314244416688143E-8 -6.588360565618304 -7.645697553185893E-7 -4.411657366536456E-6
-98.2762219382378 1.0017203185416476E-8 -6.5624323888187455 -5.674243985995246E-7 -3.867573058701254E-6
-97.61664997892076 6.848914942901308E-9 -6.505079771159254 -2.8510304233577726E-7 -3.21961932565038E-6
-96.95707801960373 4.055539421604707E-9 -6.38983494570223 6.69563400637683E-8 -2.486317755913889E-6
-96.2975060602867 2.01769723036897E-9 -6.144367525873443 4.719829834825625E-7 -1.6896737021766563E-6
-95.63793410096966 1.0243349439438059E-9 -5.598393275468601 9.125383643871172E-7 -8.542709908986695E-7
-94.97836214165264 1.2326129149432976E-9 -4.850536116211133 1.3711928945757748E-6 -6.271994936643894E-9
-94.3187901823356 2.6473530080749616E-9 -4.421472680505797 1.8311874851760428E-6 8.27638236172286E-7
-93.65921822301857 5.1224222896705086E-9 -4.22721010679117 2.2770545435822523E-6 1.6213231940033264E-6
-92.99964626370154 8.383194978225037E-9 -4.1288236242933465 2.6951752572061564E-6 2.3502405158313832E-6
-92.3400743043845 1.2066214399255092E-8 -4.074051648771972 3.074253129744214E-6 2.992422186960155E-6
-91.68050234506747 1.5769811592717437E-8 -4.04273389367755 3.405687523918825E-6 3.5293522164416632E-6
-91.02093038575043 1.910806207853061E-8 -4.026127329146817 3.6838352617990783E-6 3.946708713597857E-6
-90.36135842643341 2.1760256488883406E-8 -4.020199395513464 3.9061529581214E-6 4.234942577206509E-6
-89.70178646711638 2.3509025301196337E-8 -4.023188164564134 4.073217523249875E-6 4.389671325442802E-6
-89.04221450779934 2.426221890345291E-8 -4.034612286510958 4.1886269819974545E-6 4.4118737052088765E-6
-88.38264254848231 2.4056282398849337E-8 -4.054833566526348 4.25878822917382E-6 4.307878357404104E-6
-87.72307058916527 2.304176560090597E-8 -4.084832640175296 4.2926024161503954E-6 4.089147696108869E-6
-87.06349862984824 2.1454326790435462E-8 -4.126022168243429 4.301062186208894E-6 3.771865990680066E-6
-86.40392667053122 1.9576713935864034E-8 -4.179948417252338 4.296777830220531E-6 3.376348132627619E-6
-85.74435471121419 1.7698425577277138E-8 -4.247711834227257 4.293451525294184E-6 2.9262924469188734E-6
-85.08478275189715 1.6079893818486218E-8 -4.328968039958112 4.305320089840404E-6 2.4479069199035102E-6
-84.42521079258012 1.4927088008542523E-8 -4.4206277164699195 4.346587113141388E-6 1.968943143875324E-6
-83.76563883326308 1.4380568588120894E-8 -4.515963137159583 4.430864906028464E-6 1.5176759457335542E-6
-83.10606687394605 1.452052422851773E-8 -4.60526945985327 4.570645513159417E-6 1.1218689424024916E-6
-82.44649491462901 1.538659308846661E-8 -4.67844527407135 4.776818100243638E-6 8.077670732785921E-7
-81.786922955312 1.7008725972054642E-8 -4.728060006048327 5.058247478220275E-6 5.991564727889407E-7
-81.12735099599496 1.944339079219245E-8 -4.75097309768801 5.421425474132522E-6 5.165298979513809E-7
-80.46777903667792 2.2808350597680427E-8 -4.748086263967187 5.870203440654364E-6 5.763923981473087E-7
-79.80820707736089 2.7309243891403598E-8 -4.723138937901359 6.405610561899578E-6 7.907371411545488E-7
-79.14863511804386 3.32522689000704E-8 -4.681401198092913 7.025758913852319E-6 1.166715467062168E-6
-78.48906315872682 4.103927462062988E-8 -4.628567987178501 7.72583262406162E-6 1.7065185438249475E-6
-77.8294911994098 5.114420391266359E-8 -4.569900951228803 8.498155089438632E-6 2.4074806860793474E-6
-77.16991924009277 6.407273500565056E-8 -4.5096602335586375 9.332325182302299E-6 3.262406734134213E-6
-76.51034728077573 8.030970673517456E-8 -4.450862586898499 1.0215410813654172E-5 4.2601181409037505E-6
-75.8507753214587 1.002610943298564E-7 -4.395325226471117 1.1132186218266196E-5 5.386204850769485E-6
-75.19120336214166 1.2419861758828635E-7 -4.343883113117838 1.2065397941494766E-5 6.623962931190326E-6
-74.53163140282463 1.5221533807286053E-7 -4.296658630808688 1.2996043780012395E-5 7.955491472688519E-6
-73.8720594435076 1.8419982825213223E-7 -4.253302490436109 1.3903648866119046E-5 9.362916710211538E-6
-73.21248748419058 2.1983483751758435E-7 -4.213172560975105 1.4766523670561772E-5 1.0829706809936989E-5
-72.55291552487354 2.586241563540476E-7 -4.175449563263566 1.5561989887126535E-5 1.2342037435227842E-5
-71.8933435655565 2.9994902335433584E-7 -4.13920287496776 1.626656188792093E-5 1.389016613518221E-5
-71.23377160623947 3.4315341855323905E-7 -4.103422819897036 1.6856073613650907E-5 1.5469772818244167E-5
-70.57419964692244 3.876564161678593E-7 -4.0670344360311 1.7305743288092633E-5 1.708322406493571E-5
-69.9146276876054 4.330898224019767E-7 -4.028905818055868 1.7590171106967038E-5 1.874072073069458E-5
-69.25505572828838 4.794608454409395E-7 -3.9878634048891426 1.7683267932250368E-5 2.0461291084081233E-5
-68.59548376897135 5.273425867735843E-7 -3.9427272602809156 1.7558115904475884E-5 2.2273595467810018E-5
-67.93591180965431 5.780995363342137E-7 -3.89238050099726 1.7186764656148676E-5 2.421651298222387E-5
-67.27633985033728 6.34160606116299E-7 -3.8358859881389935 1.653996936440526E-5 2.6339485768965732E-5
-66.61676789102025 6.993579547399904E-7 -3.772655517656954 1.558687913189146E-5 2.8702601900610906E-5
-65.95719593170321 7.793551898866649E-7 -3.7026561785817504 1.4294686058012894E-5 3.137640343668809E-5
-65.29762397238619 8.821926439308779E-7 -3.626603568633241 1.2628246806788765E-5 3.4441411671802155E-5
-64.63805201306916 1.0189794368958877E-6 -3.546054956020198 1.0549689460864037E-5 3.7987366773087976E-5
-63.97848005375212 1.2047611616216118E-6 -3.4633104601793603 8.018018965821703E-6 4.211218370325759E-5
-63.31890809443509 1.4595875671515125E-6 -3.3810905943304848 4.988734528066566E-6 4.692063040107921E-5
-62.65933613511805 1.8097960849445455E-6 -3.302070831928482 1.4134719677428932E-6 5.252273753268104E-5
-61.999764175801026 2.2895141814111574E-6 -3.2284400345881075 -2.7603167021937887E-6 5.9031951662550106E-5
-61.34019221648399 2.9423663392626534E-6 -3.1616342627126355 -7.589635229312026E-6 6.656304539970563E-5
-60.68062025716696 3.8233502605851415E-6 -3.102294845265674 -1.3136156616817454E-5 7.522979897035116E-5
-60.02104829784993 5.000822221932973E-6 -3.050396116206059 -1.9466369552430605E-5 8.514246782281807E-5
-59.361476338532896 6.558504248249484E-6 -3.0054473700287074 -2.6651650589039526E-5 9.64050503897867E-5
-58.70190437921586 8.597397027477984E-6 -2.9666911707691943 -3.476825627519173E-5 1.0911236916538478E-4
-58.04233241989883 1.123745363906118E-5 -2.9332585536800004 -4.389723068678237E-5 1.2334697697620193E-4
-57.3827604605818 1.4618841852266235E-5 -2.904272768071822 -5.412422486619815E-5 1.3917589893828731E-4
-56.723188501264765 1.890259886388864E-5 -2.8789092806352636 -6.553922547669524E-5 1.5664721930986117E-4
-56.06361654194773 2.4270464071238092E-5 -2.8564244281741265 -7.823619048854725E-5 1.7578652149242055E-4
-55.4040445826307 3.092366530343875E-5 -2.8361640519443214 -9.231258991318089E-5 1.965931890118842E-4
-54.74447262331367 3.9080434683092376E-5 -2.8175605635537497 -1.078688494948192E-4 2.1903657562413298E-4
-54.084900663996635 4.897204513340003E-5 -2.80012405302274 -1.2500769488343644E-4 2.4305205390312863E-4
-53.42532870467961 6.0837191007443003E-5 -2.7834308640196754 -1.4383339319538416E-4 2.685369539193254E-4
-52.76575674536257 7.491459024089852E-5 -2.767111568691419 -1.6445088808777217E-4 2.953464069887152E-4
-52.10618478604554 9.143376490490901E-5 -2.750839327224961 -1.8696482361479002E-4 3.2328911400830474E-4
-51.44661282672851 1.1060406625467965E-4 -2.7343190470783516 -2.1147845129934297E-4 3.5212306357365955E-4
-50.78704086741148 1.326021534199993E-4 -2.717277428808775 -2.3809241415073852E-4 3.8155123182485645E-4
-50.12746890809444 1.5755831545729876E-4 -2.6994538053987007 -2.6690340090521324E-4 4.1121730365299946E-4
-49.467896948777415 1.8554224749799068E-4 -2.680591589093609 -2.980026636746925E-4 4.407014633323251E-4
-48.80832498946038 2.1654915486977232E-4 -2.6604300970725867 -3.3147439257125123E-4 4.6951631157767074E-4
-48.14875303014335 2.5048736425934694E-4 -2.638696514293771 -3.673939418282206E-4 4.971029751760134E-4
-47.48918107082632 2.8716896580422574E-4 -2.615097759850454 -4.058259035476461E-4 5.228274843743538E-4
-46.829609111509285 3.2630538908186876E-4 -2.5893120530843445 -4.468220275285062E-4 5.45977501770382E-4
-46.17003715219225 3.6751022041582517E-4 -2.5609800385245145 -4.904189887089688E-4 5.657594941720864E-4
-45.510465192875216 4.103119858234786E-4 -2.52969544845862 -5.366360075957871E-4 5.81296445393197E-4
-44.85089323355819 4.541800359671904E-4 -2.4949955014155374 -5.854723336338014E-4 5.916262128614939E-4
-44.191321274241155 4.985670547414184E-4 -2.4563516245447836 -6.369046067320741E-4 5.95700633893294E-4
-43.53174931492412 5.429720452318985E-4 -2.4131617565596826 -6.908841180239931E-4 5.923854882157194E-4
-42.87217735560709 5.8702789522013E-4 -2.3647465889321735 -7.473339972770323E-4 5.80461421536935E-4
-42.21260539629006 6.30617755339663E-4 -2.310353818699432 -8.061463610355684E-4 5.586259304659515E-4
-41.553033436973024 6.740244404112754E-4 -2.2491769470219856 -8.67179462401774E-4 5.254965017323777E-4
-40.893461477656 7.181168517763771E-4 -2.1803982105899564 -9.302548901387659E-4 4.7961498838834855E-4
-40.23388951833896 7.645769803501412E-4 -2.1032679361152935 -9.951548713015021E-4 4.194532925140514E-4
-39.57431755902193 8.161703550011027E-4 -2.0172324040665277 -0.0010616197376417337 3.4342040799140817E-4
-38.9147455997049 8.770618232875671E-4 -1.9221143138998944 -0.001129345621361561 2.498708583536358E-4
-38.255173640387866 9.531772749328174E-4 -1.818328043045222 -0.001197982450180876 1.3711454382580945E-4
-37.59560168107083 0.001052610337574024 -1.7070746846544944 -0.0012671323149184392 3.427988795947471E-6
-36.9360297217538 0.0011860711980651722 -1.5904240837549004 -0.0013363482846640827 -1.5293304348782218E-4
-36.27645776243677 0.001367372555720826 -1.4711893334353618 -0.0014051337449622185 -3.337196277288617E-4
-35.616885803119736 0.0016139453385738303 -1.352568147580235 -0.001472942333086399 -5.406745297291933E-4
-34.9573138438027 0.001947374270372333 -1.2376460808374712 -0.0015391785413468974 -7.755159467862758E-4
-34.297741884485674 0.002393940743021947 -1.1289414919188265 -0.0016031990543649737 -0.0010399202717555382
-33.63816992516864 0.002985157821596992 -1.0281456144075258 -0.0016643148793373218 -0.0013355040415178397
-32.978597965851606 0.003758279696456854 -0.9360976934130905 -0.0017217943195177328 -0.0016638052531594725
-32.31902600653458 0.0047567656200085545 -0.8529298654782622 -0.0017748668305224032 -0.0020262642514289548
-31.659454047217544 0.006030676451503375 -0.7782807491183457 -0.001822727786730708 -0.002424204408470681
-30.999882087900513 0.007636980510547822 -0.7114997804024963 -0.0018645441711601755 -0.002858812830989393
-30.34031012858348 0.009639744632798234 -0.6518051630126664 -0.001899461186943331 -0.0033311213404851555
-29.680738169266448 0.01211018624273387 -0.5983893265911557 -0.0019266097721649497 -0.0038419879786995934
-29.021166209949413 0.015126563004358088 -0.5504808865934787 -0.0019451149826079904 -0.004392079292711863
-28.361594250632383 0.018773878253613957 -0.5073759119221677 -0.0019541051892116314 -0.004981853652078612
-27.70202229131535 0.023143382999822198 -0.46844977504133656 -0.0019527220190969055 -0.0056115458439966225
-27.042450331998317 0.028331858817692034 -0.4331578086081411 -0.0019401309512132245 -0.006281153181737117
-26.382878372681287 0.03444067040990005 -0.4010301527853295 -0.0019155324603616526 -0.0069904233467195185
-25.723306413364256 0.04157458193784094 -0.3716640578647088 -0.001878173586920063 -0.007738844165804718
-25.06373445404722 0.0498403372913674 -0.3447154926293754 -0.0018273597943880581 -0.008525635503032718
-24.40416249473019 0.059345011156587635 -0.3198910298527593 -0.0017624669632310638 -0.009349743419511813
-23.74459053541316 0.07019414487003382 -0.2969404624306111 -0.0016829533577574075 -0.010209836726968194
-23.085018576096125 0.08248968841503466 -0.27565031327047307 -0.0015883713932095939 -0.011104306030108129
-22.425446616779094 0.09632777729714102 -0.255838248465559 -0.0014783790231560842 -0.0120312653210032
-21.76587465746206 0.11179638019051201 -0.23734832883690626 -0.001352750562862095 -0.012988556155770934
-21.10630269814503 0.12897285993072047 -0.22004700461171622 -0.0012113867627806887 -0.01397375441049729
-20.446730738828 0.14792149639847374 -0.2038197511934552 -0.0010543239477779462 -0.014984179580229484
-19.787158779510964 0.16869102486196205 -0.1885682488585423 -8.817420422740763E-4 -0.01601690655254569
-19.127586820193933 0.19131224721158718 -0.17420801921396012 -6.939713091842442E-4 -0.017068779756226955
-18.4680148608769 0.21579577604670389 -0.16066644284520115 -4.914976413555246E-4 -0.01813642955643591
-17.808442901559868 0.2421299726114236 -0.14788109398661242 -2.749662580522691E-4 -0.019216290740993423
-17.148870942242837 0.2702791390182338 -0.13579833843374822 -4.518367581059455E-5 -0.020304622918241536
-16.489298982925803 0.30018202298175767 -0.1243721499894852 1.9688215751118037E-4 -0.021397532625911906
-15.829727023608772 0.3317506893960406 -0.11356310846069118 4.5010365464731025E-4 -0.022490996932642567
-15.17015506429174 0.36486980756184495 -0.10333754869708112 7.131973717203828E-4 -0.023580888299478832
-14.510583104974707 0.39939639578913794 -0.0936668355367074 9.847298206775946E-4 -0.02466300045796502
-13.851011145657676 0.43516005659468515 -0.08452674395340276 0.0012631253224142493 -0.025733075054309017
-13.191439186340643 0.4719637259601622 -0.0758969273420218 0.0015466758827597192 -0.026786828805546097
-12.53186722702361 0.5095849493266671 -0.06776045986308099 0.0018335530438870575 -0.027819980913531064
-11.87229526770658 0.5477776854259787 -0.06010344121547684 0.0021218216338005635 -0.028828280485786846
-11.212723308389547 0.586274626964535 -0.052914654212300016 0.0024094553068125892 -0.029807533718511976
-10.553151349072515 0.6247900148818888 -0.046185267181188205 0.002694353738817849 -0.030753630606139813
-9.893579389755482 0.6630229107143204 -0.03990857456382346 0.0029743613131801056 -0.03166257095344842
-9.23400743043845 0.7006608798260959 -0.03407977020318431 0.003247287106638161 -0.03253048948002164
-8.574435471121419 0.7373840272433672 -0.028695748726381032 0.003510925960267523 -0.03335367982251355
-7.914863511804386 0.7728693178474914 -0.02375493119093952 0.003763080398650206 -0.03412861725732706
-7.255291552487353 0.8067951040456223 -0.019257111792698955 0.004001583141411875 -0.03485197998462708
-6.595719593170322 0.8388457770013078 -0.015203322957479726 0.0042243199355718 -0.03552066883373218
-5.93614763385329 0.8687164523066542 -0.011595716575920845 0.0044292524250490115 -0.03613182526953476
-5.276575674536257 0.8961175977995967 -0.008437459506942302 0.004614440765476243 -0.036682847599382604
-4.617003715219225 0.9207795102156627 -0.005732641783307901 0.004778065688423064 -0.037171405299527345
-3.957431755902193 0.9424565486004836 -0.0034861962132211044 0.0049184497194056 -0.03759545139955566
-3.297859796585161 0.9609310359251343 -0.0017038282938088845 0.0050340772587680075 -0.03795323288193741
-2.6382878372681287 0.9760167461073078 -3.9195554282200895E-4 0.005123613243713098 -0.03824329907176135
-1.9787158779510965 0.9875619015492361 4.423444797037046E-4 0.005185920123398139 -0.038464508008720914
-1.3191439186340643 0.9954516161962745 7.913780427977191E-4 0.005220072897001128 -0.038616030809331084
-0.6595719593170322 0.9996097307744671 6.468714622021032E-4 0.005225371986816205 -0.03869735404210582
0.0 1.0 0.0 0.0052013537445055194 -0.038708280151935344
0.6595719593170322 0.9966266058359988 -0.0011585903269319964 0.00514779841828272 -0.03864892598213329
1.3191439186340643 0.989533985928071 -0.0028387679052817028 0.005064735441639694 -0.03851971945355907
1.9787158779510965 0.9788059817730832 -0.005050907624915002 0.004952445939771585 -0.03832139446986926
2.6382878372681287 0.9645643265402755 -0.007805889990619264 0.004811462387602584 -0.03805498412633661
3.297859796585161 0.9469665073386946 -0.011115107413113945 0.004642565392664505 -0.03772181230684251
3.957431755902193 0.9262030506877332 -0.014990477943335856 0.00444677761642945 -0.03732348375965359
4.617003715219225 0.9024942925995576 -0.019444466812753136 0.004225354888382006 -0.03686187274750603
5.276575674536257 0.876086705662736 -0.024490116243510274 0.0039797746074685765 -0.03633911037141988
5.93614763385329 0.8472488645162496 -0.03014108409605032 0.0037117215648917465 -0.0357575706706363
6.595719593170322 0.8162671378761962 -0.03641169202824668 0.0034230713598533196 -0.035119855603204984
7.255291552487353 0.7834411996504433 -0.043316983948675336 0.003115871615122954 -0.034428779013142244
7.914863511804386 0.7490794535549329 -0.050872795656231595 0.0027923212315980376 -0.03368734969082811
8.574435471121419 0.7134944650179875 -0.05909583666736995 0.0024547479497317158 -0.03289875363351477
9.23400743043845 0.6769984910970398 -0.06800378533815055 0.0021055845103193794 -0.03206633561257092
9.893579389755482 0.6398991937869793 -0.07761539848771637 0.0017473437271854342 -0.031193580153487426
10.553151349072515 0.6024956146944667 -0.08795063681781845 0.001382592799430105 -0.030284092033805377
11.212723308389547 0.5650744798755123 -0.09903080749330662 0.0010139272007866967 -0.029341576403087606
11.87229526770658 0.5279068930223304 -0.11087872529229181 6.439444881178256E-4 -0.0283698186279151
12.53186722702361 0.49124546351499504 -0.12351889374073921 2.7521837004996575E-4 -0.027372663963724148
13.191439186340643 0.4553219035196659 -0.13697770759918448 -8.972662976616324E-5 -0.026353997154163884
13.851011145657676 0.4203451157195546 -0.15128367794938113 -4.4843959215983345E-4 -0.02531772205759988
14.510583104974707 0.38649978079800024 -0.16646768090954467 -7.985663991086395E-4 -0.024267741399447203
15.17015506429174 0.35394544182069104 -0.18256323065428104 -0.0011378714237856133 -0.023207936748208223
15.829727023608772 0.3228160715135542 -0.19960677688423734 -0.0014642574563923333 -0.02214214881241397
16.489298982925803 0.29322009838305607 -0.21763802612289807 -0.0017757836382494441 -0.021074158155111027
17.148870942242837 0.2652408588987069 -0.23670028513839925 -0.002070681209962926 -0.020007666422058652
17.808442901559868 0.2389374357145382 -0.2568408233006265 -0.0023473669154712076 -0.018946278179354688
18.4680148608769 0.21434583624484324 -0.278111248666145 -0.002604453941706163 -0.017893483455713777
19.127586820193933 0.19148046186578088 -0.3005678898836295 -0.002840760312747063 -0.016852641083994216
19.787158779510964 0.17033581556651403 -0.32427217244393747 -0.0030553146969651145 -0.015826962935696257
20.446730738828 0.15088839494819184 -0.349290973139454 -0.003247359625007829 -0.014819499140920657
21.10630269814503 0.13309871794924882 -0.3756969305911062 -0.003416352154830895 -0.013833124384543722
21.76587465746206 0.11691343041025179 -0.40356868207089214 -0.0035619620566622254 -0.012870525367001536
22.425446616779094 0.10226744740526268 -0.43299098731904206 -0.0036840676251349443 -0.011934189514934494
23.085018576096125 0.08908608396953764 -0.4640546884077297 -0.0037827492572774096 -0.01102639502289169
23.74459053541316 0.07728713524986691 -0.49685644085625125 -0.0038582809630929647 -0.01014920230219413
24.40416249473019 0.06678287100180402 -0.5314981353516393 -0.003911119999685157 -0.009304446906797223
25.06373445404722 0.05748191457478172 -0.5680859122549371 -0.003941894839958883 -0.00849373399847155
25.723306413364256 0.04929098189439786 -0.6067286540379404 -0.003951391702630155 -0.007718434404768593
26.382878372681287 0.042116461322329886 -0.6475358265227729 -0.0039405398814811735 -0.006979682313007739
27.042450331998317 0.03586582052072526 -0.6906145325194006 -0.003910396118481296 -0.006278374631908727
27.70202229131535 0.03044883146313745 -0.7360656474275498 -0.0038621282676329356 -0.00561517203952728
28.361594250632383 0.025778609432642194 -0.783978934052338 -0.0037969984943649272 -0.0049905017219088535
29.021166209949413 0.0217724661633084 -0.8344270935752041 -0.0037163462492390727 -0.0044045617914692265
29.680738169266448 0.0183525811645419 -0.8874588120262192 -0.003621571244991427 -0.003857327357708517
30.34031012858348 0.015446498684395193 -0.9430910147863525 -0.0035141166528953726 -0.00334855820567
30.999882087900513 0.012987460695539299 -1.0013007460154006 -0.0033954527185587145 -0.0028778080198187225
31.659454047217544 0.01091458871416157 -1.0620173315391053 -0.0032670609790403176 -0.0024444350730209227
32.31902600653458 0.00917292918405136 -1.125115727815745 -0.0031304192431062675 -0.0020476142823767384
32.978597965851606 0.00771337857929666 -1.19041214749641 -0.0029869874750635475 -0.0016863505161375549
33.63816992516864 0.0064925053097459485 -1.25766310711288 -0.0028381947004294562 -0.001359493019194355
34.297741884485674 0.005472285970475364 -1.326568888563528 -0.0026854270292178605 -0.0010657508090222275
34.9573138438027 0.004619773483293555 -1.3967819989986827 -0.0025300168703194944 -8.037088798871187E-4
35.616885803119736 0.003906714264935498 -1.4679205747605266 -0.0023732333887527 -5.718450409205125E-4
36.27645776243677 0.0033091307602484935 -1.5395859102637055 -0.0022162742368429388 -3.685472036897433E-4
36.9360297217538 0.0028068845436823933 -1.6113825788057075 -0.0020602585709768185 -1.9213092743938808E-4
37.59560168107083 0.002383233769967414 -1.6829391442026012 -0.0019062213477304595 -4.085702552046552E-5
38.255173640387866 0.0020243971023486745 -1.75392738004706 -0.00175510887708869 8.705096513220205E-5
38.9147455997049 0.0017191344264569607 -1.8240782444473704 -0.0016077755962821336 1.9338964811355808E-4
39.57431755902193 0.0014583527353874237 -1.8931935048581185 -0.0014649820155415863 2.799591571543622E-4
40.23388951833896 0.0012347436135213478 -1.961152689642777 -0.0013273937768108974 3.4854725513232184E-4
40.893461477656 0.0010424568184525921 -2.0279157685280733 -0.0011955817581248216 4.009143152293519E-4
41.553033436973024 8.768126235911783E-4 -2.093522494398944 -0.0010700231498528834 4.3877934276205803E-4
42.21260539629006 7.34053893732853E-4 -2.1580896188755174 -9.511034242018355E-4 4.63807179178612E-4
42.87217735560709 6.111373685157261E-4 -2.221807245207808 -8.39119116093964E-4 4.7759701015120026E-4
43.53174931492412 5.055623600482553E-4 -2.2849354715949963 -7.342813316135247E-4 4.8167227796320854E-4
44.191321274241155 4.152340549579661E-4 -2.3478022849308884 -6.367198994421654E-4 4.774720749102322E-4
44.85089323355819 3.383578589570773E-4 -2.410803454080665 -5.464880808917689E-4 4.6634406968120644E-4
45.510465192875216 2.73360732466779E-4 -2.4744049810500544 -4.635677550971745E-4 4.4953899316433433E-4
46.17003715219225 2.1883522583983413E-4 -2.539148504693924 -3.878749974776606E-4 4.282066843733445E-4
46.829609111509285 1.7350190887443107E-4 -2.605659888747715 -3.192659715589125E-4 4.0339367175901565E-4
47.48918107082632 1.3618606986777796E-4 -2.6746609979324765 -2.5754305653846043E-4 3.7604224060779176E-4
48.14875303014335 1.0580489667757531E-4 -2.746984248675511 -2.0246113547697257E-4 3.4699091406207954E-4
48.80832498946038 8.136180502586294E-5 -2.8235886973084616 -1.5373397163767247E-4 3.1697625402646377E-4
49.467896948777415 6.194510571961761E-5 -2.905574833476916 -1.1104060323893087E-4 2.866358693021521E-4
50.12746890809444 4.6728762430092426E-5 -2.9941923095467753 -7.403168972425866E-5 2.5651250211742465E-4
50.78704086741148 3.497354890333706E-5 -3.0908297957483573 -4.233574560811259E-5 2.2705905111933616E-4
51.44661282672851 2.6027438303159206E-5 -3.1969683660277175 -1.5565201067843836E-5 1.9864437911300492E-4
52.10618478604554 1.9324523923655064E-5 -3.3140699296966516 6.677768220297806E-6 1.7155974754134122E-4
52.76575674536257 1.4382163240242645E-5 -3.443364996116767 2.479569588968614E-5 1.4602571696642542E-4
53.42532870467961 1.0796347095578192E-5 -3.5855130086036127 3.919061425322094E-5 1.2219935362415698E-4
54.084900663996635 8.235520571517315E-6 -3.740157412090368 5.025922375029443E-5 1.0018158636978234E-4
54.74447262331367 6.4332256310691424E-6 -3.9055033455149113 5.8388483096606613E-5 8.00245658147607E-5
55.4040445826307 5.180006574232399E-6 -4.078166934629406 6.395165533872567E-5 6.173888789985471E-5
56.06361654194773 4.315029777786321E-6 -4.253542621726069 6.730483903580179E-5 4.5300557201478855E-5
56.723188501264765 3.717833055022368E-6 -4.42668308549958 6.878400725859062E-5 3.0657580516596045E-5
57.3827604605818 3.300551796823475E-6 -4.593320382359822 6.870257004432939E-5 1.773609825010256E-5
58.04233241989883 3.0008826947005196E-6 -4.750543247309306 6.734946843836916E-5 6.445979339298428E-6
58.70190437921586 2.7759535246380176E-6 -4.896914781178888 6.498780038548969E-5 -3.3141756304098346E-6
59.361476338532896 2.597179116680701E-6 -5.032169458497238 6.18539706296753E-5 -1.1652659361622084E-5
60.02104829784993 2.4461065219316943E-6 -5.156765412916966 5.8157348593586186E-5 -1.8680928308777668E-5
60.68062025716696 2.3111910658467937E-6 -5.271493471296183 5.408041011111413E-5 -2.4510518205089876E-5
61.34019221648399 2.1854014562325767E-6 -5.377217761098267 4.9779331070522565E-5 -2.925058752940024E-5
61.999764175801026 2.064526247765778E-6 -5.474740861901504 4.5384993691803495E-5 -3.30060568134262E-5
62.65933613511805 1.94604394679931E-6 -5.56475728101929 4.100435951451404E-5 -3.5876298736067994E-5
63.31890809443509 1.8284219658234531E-6 -5.647858751516717 3.6722157408491405E-5 -3.795432328625284E-5
63.97848005375212 1.7107220499270907E-6 -5.724564085100653 3.2602830224571895E-5 -3.9326394089646254E-5
64.63805201306916 1.5924081742177442E-6 -5.795356120861386 2.8692680236968217E-5 -4.007200639287826E-5
65.29762397238619 1.4732740438227495E-6 -5.860716055903129 2.5022151427381615E-5 -4.026415420745246E-5
65.95719593170321 1.353428585762864E-6 -5.9211508999565945 2.1608186018552985E-5 -3.9969813673256366E-5
66.61676789102025 1.2332972863058753E-6 -5.977213333802567 1.84565935386337E-5 -3.925057167531191E-5
67.27633985033728 1.1136137127030863E-6 -6.029515294012853 1.5564373095897488E-5 -3.816333292755855E-5
67.93591180965431 9.953885409061054E-7 -6.0787375445155725 1.2921933428683703E-5 -3.6761044855638934E-5
68.59548376897135 8.798528949683873E-7 -6.125637677585706 1.0515160580146375E-5 -3.509338734412611E-5
69.25505572828838 7.683791560921883E-7 -6.171058689695309 8.327289597817693E-6 -3.320738340189099E-5
69.9146276876054 6.623861818171948E-7 -6.215939659198108 6.340544294559996E-6 -3.114789665326385E-5
70.57419964692244 5.632377015220111E-7 -6.2613291034151715 4.537517612550929E-6 -2.895799188294946E-5
71.23377160623947 4.721430795491287E-7 -6.308400078221361 2.9022742531188174E-6 -2.6679145248374617E-5
71.8933435655565 3.900691002770771E-7 -6.3584634659114805 1.421166696836146E-6 -2.4351300841141022E-5
72.55291552487354 3.176702328358763E-7 -6.412971247843858 8.336524672411314E-8 -2.201277967144693E-5
73.21248748419058 2.5524316193856807E-7 -6.473493591783624 -1.1188880154616715E-6 -1.9700055548908888E-5
73.8720594435076 2.02709334394921E-7 -6.541641270719309 -2.1902827592693466E-6 -1.744741947077995E-5
74.53163140282463 1.596269514205822E-7 -6.618889793218994 -3.132674936419485E-6 -1.5286559793441374E-5
75.19120336214166 1.2523133727782852E-7 -6.706253387106649 -3.945519023419458E-6 -1.3246089505739275E-5
75.8507753214587 9.850008633018562E-8 -6.803781826201069 -4.62645918393148E-6 -1.135105426232137E-5
76.51034728077573 7.823704069573685E-8 -6.909951333468001 -5.172036535732949E-6 -9.622455455031127E-6
77.16991924009277 6.316722769473595E-8 -7.021199197078454 -5.578467289542035E-6 -8.076821553509717E-6
77.8294911994098 5.203364497671744E-8 -7.131983013142229 -5.8424457894258815E-6 -6.725858343924995E-6
78.48906315872682 4.368643738611757E-8 -7.235574334988321 -5.961927439339788E-6 -5.5762047080541294E-6
79.14863511804386 3.7155693412594344E-8 -7.325277838458403 -5.936849103292452E-6 -4.629315430019631E-6
79.80820707736089 3.170080748994843E-8 -7.395365723014402 -5.7697487119900504E-6 -3.881486452729185E-6
80.46777903667792 2.683197158164523E-8 -7.441200063159528 -5.466251337293492E-6 -3.324031314028364E-6
81.12735099599496 2.2302600138755137E-8 -7.458547795255484 -5.035395695939391E-6 -2.94361047628609E-6
81.786922955312 1.807496982762926E-8 -7.442425648366095 -4.4897826624487206E-6 -2.7227082276119547E-6
82.44649491462901 1.4264620275255038E-8 -7.385896353301128 -3.845535618830811E-6 -2.640245078582303E-6
83.10606687394605 1.1071666451542945E-8 -7.27962188584516 -3.1220710334181704E-6 -2.672307384809623E-6
83.76563883326308 8.708738136545641E-9 -7.114491912409422 -2.3416862170744388E-6 -2.7929705461039787E-6
84.42521079258012 7.335538353610402E-9 -6.891472122010521 -1.528979425922587E-6 -2.975187780528455E-6
85.08478275189715 7.008926430051404E-9 -6.635682692160447 -7.101250495141919E-7 -3.191713315529014E-6
85.74435471121419 7.655102370294283E-9 -6.391012862297286 8.796674902102714E-8 -3.4160269954338424E-6
86.40392667053122 9.067202050592974E-9 -6.1893197304129846 8.38571149724975E-7 -3.623226839004504E-6
87.06349862984824 1.0927858367215133E-8 -6.036304525849625 1.516111747757002E-6 -3.790856996176218E-6
87.72307058916527 1.2852577218683148E-8 -5.923350359236322 2.0971243476645013E-6 -3.899640803526027E-6
88.38264254848231 1.4446661483646781E-8 -5.839665203466107 2.5611794953637994E-6 -3.934092118632974E-6
89.04221450779934 1.5366359520586458E-8 -5.776647032326693 2.891722732284159E-6 -3.882982676431717E-6
89.70178646711638 1.5374239467750628E-8 -5.728298855768749 3.076794218087599E-6 -3.7396486624930844E-6
90.36135842643341 1.4379620436992081E-8 -5.690659743031359 3.109593633539072E-6 -3.502125815907409E-6
91.02093038575043 1.2457127681913E-8 -5.661251937232493 2.988861987802065E-6 -3.173108907558998E-6
91.68050234506747 9.839768669542265E-9 -5.6387849047868075 2.7190589054426012E-6 -2.7597381264137905E-6
92.3400743043845 6.886866544096675E-9 -5.623266107330712 2.310321894947968E-6 -2.2732214790952516E-6
92.99964626370154 4.031149525848448E-9 -5.617132142599005 1.778202703152735E-6 -1.7283085081669722E-6
93.65921822301857 1.7126751424959714E-9 -5.631120199848594 1.1431848062619323E-6 -1.1426362184226059E-6
94.3187901823356 3.0953668456816955E-10 -5.740634699103156 4.299950315362626E-7 -5.359728525668365E-7
94.97836214165264 7.608192312515292E-11 -8.196341178545893 -3.3326910867332196E-7 7.061110414356183E-8
95.63793410096966 1.0985138556878363E-9 -8.51864216802215 -1.116166899130114E-6 6.556127266925824E-7
96.2975060602867 3.2753294230218876E-9 -8.553195871036799 -1.8870603774948534E-6 1.1979739613306123E-6
96.95707801960373 6.326413637132589E-9 -8.55815780045692 -2.6143368529537396E-6 1.6779331019279762E-6
97.61664997892076 9.830268410662992E-9 -8.553934664886707 -3.2676620518919686E-6 2.0778183317048677E-6
98.2762219382378 1.328446456296167E-8 -8.545352243356914 -3.819215654416852E-6 2.382753701517585E-6
98.93579389755483 1.6180636201358933E-8 -8.533900505671957 -4.244860530112758E-6 2.5812515118481177E-6
99.59536585687185 1.808278877739739E-8 -8.519900461023516 -4.52519841977685E-6 2.665669638070496E-6
100.25493781618889 1.869679775063465E-8 -8.503025348614552 -4.646468120829053E-6 2.6325177032194855E-6
100.91450977550592 1.7919927588321505E-8 -8.482339302448903 -4.601247322313558E-6 2.4826019447941108E-6
101.57408173482295 1.5861918898679385E-8 -8.456028566158553 -4.388925937556911E-6 2.221004907439734E-6
102.23365369413999 1.2833320763039773E-8 -8.42065973094332 -4.015926869108132E-6 1.8569024742400566E-6
102.89322565345702 9.301704013465178E-9 -8.369284456253387 -3.495659327205744E-6 1.4032269782718902E-6
103.55279761277404 5.821449923144879E-9 -8.285996464780677 -2.8481997763306903E-6 8.76190971075364E-7
104.21236957209108 2.9471956108253327E-9 -8.126992815548812 -2.099705938367497E-6 2.946914432826734E-7
104.87194153140811 1.1440328382141754E-9 -7.7425860161046565 -1.2815796459272994E-6 -3.2038130396032755E-7
105.53151349072515 7.086816886523321E-10 -6.8425050846653495 -4.2940432057656714E-7 -9.469025137625206E-7
106.19108545004218 1.7148410401620946E-9 -6.155145103089065 4.183079409035787E-7 -1.5623096118821567E-6
106.85065740935921 3.992813543446757E-9 -5.898969534580264 1.2215166182281869E-6 -2.1444055517811538E-6
107.51022936867625 7.148690545322697E-9 -5.788751241592502 1.940150699939187E-6 -2.672137875484158E-6
108.16980132799327 1.0622511632362733E-8 -5.735307178635228 2.535649781182681E-6 -3.1263237908259835E-6
108.8293732873103 1.3778720806515616E-8 -5.711310148523854 2.972490919076176E-6 -3.4902940033011115E-6
109.48894524662734 1.6016833429964552E-8 -5.7073659775676155 3.219643057390818E-6 -3.750431518459949E-6
110.14851720594437 1.6886350033899905E-8 -5.721303026450513 3.251892236046025E-6 -3.896586004501619E-6
110.8080891652614 1.6188260616031028E-8 -5.755672590191445 3.0509843786132666E-6 -3.92234939507078E-6
111.46766112457844 1.4046337945115972E-8 -5.818614688227031 2.606538111738014E-6 -3.825184014312027E-6
112.12723308389546 1.0934822991290276E-8 -5.9282541393497965 1.916687642183251E-6 -3.606400395515221E-6
112.7868050432125 7.654687526606533E-9 -6.123303374968488 9.884249546804171E-7 -3.2709879081217558E-6
113.44637700252953 5.257710007738015E-9 -6.474127661985332 -1.6237881687135584E-7 -2.8273070710474833E-6
114.10594896184656 4.925166569202577E-9 -7.00076693645461 -1.5112814192302234E-6 -2.286657788576336E-6
114.7655209211636 7.81494728699034E-9 -7.485093249286756 -3.0259033421592775E-6 -1.6627424905619271E-6
115.42509288048063 1.4896320080269857E-8 -7.7824094053977895 -4.6668716726728625E-6 -9.71047109803394E-7
116.08466483979765 2.679452697712793E-8 -7.951857821719505 -6.3890461550131756E-6 -2.281658364315199E-7
116.74423679911469 4.366737197356815E-8 -8.054860852953277 -8.142988501406666E-6 5.489024586243532E-7
117.40380875843172 6.51328140501363E-8 -8.122748872244564 -9.876626038330254E-6 1.34345741074743E-6
118.06338071774876 9.026062124889349E-8 -8.170940395250362 -1.1537052414288518E-5 2.1397715581308803E-6
118.72295267706579 1.1763309335277908E-7 -8.207588642243199 -1.3072401681686471E-5 2.923708991978727E-6
119.38252463638283 1.4547076822593293E-7 -8.237406906462777 -1.4433727872900208E-5 3.683263810251315E-6
120.04209659569986 1.7181012443603634E-7 -8.263388121701404 -1.557682042078805E-5 4.408997383492626E-6
120.70166855501688 1.94712832528656E-7 -8.287636770916276 -1.6463886540886426E-5 5.094357708268658E-6
121.36124051433391 2.1248118127823987E-7 -8.311809531890418 -1.7065035021140454E-5 5.735869024278361E-6
122.02081247365095 2.2385268388129652E-7 -8.337375360457786 -1.7359501685383338E-5 6.333185205417278E-6
122.68038443296798 2.2814888053320703E-7 -8.3657905309456 -1.7336564947473725E-5 6.889005988169181E-6
123.33995639228502 2.2535882240037986E-7 -8.398634057941962 -1.6996110103173616E-5 7.408860649689823E-6
123.99952835160205 2.1614597682440724E-7 -8.43772290265144 -1.6348812986750488E-5 7.900769072448963E-6
124.65910031091907 2.0177724875729803E-7 -8.485205432043161 -1.5415926946868276E-5 8.37479502092621E-6
125.3186722702361 1.839831105543899E-7 -8.54360233687471 -1.4228671315289399E-5 8.842510717189393E-6
125.97824422955314 1.647670269350205E-7 -8.61571319119808 -1.282723415283011E-5 9.316395269786828E-6
126.63781618887018 1.4618912907216141E-7 -8.704227828354924 -1.125941653842944E-5 9.809192051447674E-6
127.29738814818721 1.301524205820431E-7 -8.81081562920878 -9.578959491061978E-6 1.0333251639521955E-5
127.95696010750424 1.1821914851266792E-7 -8.934588524783818 -7.843607267697678E-6 1.0899887375414477E-5
128.61653206682126 1.1148036826517578E-7 -9.070448771978668 -6.112971780635973E-6 1.151876995364085E-5
129.2761040261383 1.104937759317467E-7 -9.208793949678004 -4.446271795867746E-6 1.2197385751620788E-5
129.93567598545533 1.1529468814700492E-7 -9.337890214911999 -2.9000270433760044E-6 1.2940580931419663E-5
130.59524794477238 1.254740959613147E-7 -9.447838189399075 -1.525791109029797E-6 1.3750209798845636E-5
131.2548199040894 1.4030764240286175E-7 -9.533193226477037 -3.6800779293216527E-7 1.4624901641196749E-5
131.91439186340642 1.5891173285134524E-7 -9.592908465723733 5.37926579035098E-7 1.5559955458496346E-5
132.57396382272347 1.803990298303165E-7 -9.6287783505521 1.167317601506653E-6 1.6547366851117168E-5
133.2335357820405 2.0400604353058997E-7 -9.64391062337043 1.5074747803512525E-6 1.757598603917679E-5
133.89310774135754 2.2917049449296664E-7 -9.64180951459442 1.5586025829779229E-6 1.8631800780256305E-5
134.55267970067456 2.555449929933072E-7 -9.62598111682826 1.334235121240773E-6 1.9698333031906787E-5
135.21225165999158 2.8294511284809114E-7 -9.599815813122891 8.61184016702287E-7 2.075713377168361E-5
135.87182361930863 3.1124241390639285E-7 -9.566565555291655 1.7898540709479922E-7 2.178835661681691E-5
136.53139557862565 3.402244135488058E-7 -9.529324896126525 -6.611506498530515E-7 2.2771387927385476E-5
137.1909675379427 3.694519791319421E-7 -9.490991257191641 -1.5978675199049293E-6 2.3685509046766644E-5
137.85053949725972 3.9814849117600983E-7 -9.45421787609337 -2.5616279322063883E-6 2.4510565308182045E-5
138.51011145657677 4.251533820919444E-7 -9.421386259643455 -3.4770639799139803E-6 2.5227616452864982E-5
139.1696834158938 4.4896504501040204E-7 -9.394620160167605 -4.26564175597613E-6 2.581954415654736E-5
139.8292553752108 4.6788527144829223E-7 -9.37584939845465 -4.848558347998042E-6 2.627159439812196E-5
140.48882733452785 4.802608107397106E-7 -9.366918346121608 -5.149778585492516E-6 2.6571835337541153E-5
141.14839929384488 4.847995488673046E-7 -9.36972478315675 -5.099111526367505E-6 2.6711515073758715E-5
141.80797125316192 4.809218217697472E-7 -9.386367558504345 -4.635222495252225E-6 2.6685307969675657E-5
142.46754321247894 4.6909424695110987E-7 -9.419267150586537 -3.7084757483080124E-6 2.649144297759116E-5
143.127115171796 4.510866270780545E-7 -9.471187961190479 -2.2835056255987814E-6 2.6131712374671643E-5
143.786687131113 4.300937374200668E-7 -9.54502098839797 -3.414203338852469E-7 2.56113643143934E-5
144.44625909043003 4.106739694055986E-7 -9.643093142117955 2.1184478702906773E-6 2.493888740570367E-5
145.10583104974708 3.984755056175243E-7 -9.76577678344736 5.077319619010438E-6 2.4125699944474593E-5
145.7654030090641 3.9974635846716613E-7 -9.90960133465603 8.496330598828908E-6 2.3185760254861702E-5
146.42497496838115 4.2065450440420564E-7 -10.066113194267405 1.2316519395413044E-5 2.213511768898206E-5
147.08454692769817 4.664749198810714E-7 -10.223323866340186 1.645946212691328E-5 2.0991426049557463E-5
147.7441188870152 5.407275497242338E-7 -10.369730033813887 2.0828554562174784E-5 1.9773442446438907E-5
148.40369084633224 6.443701223936932E-7 -10.497962568188646 2.531092159336761E-5 1.8500534818434282E-5
149.06326280564926 7.751588364723758E-7 -10.605579301744877 2.977991337335676E-5 1.7192220534375105E-5
149.7228347649663 9.272858927099366E-7 -10.693597279781272 3.4098127817260165E-5 1.5867756662451326E-5
150.38240672428333 1.0913846893305975E-6 -10.764628801298748 3.81208811599634E-5 1.4545799738865493E-5
151.04197868360038 1.2549619648332857E-6 -10.821618207490703 4.170003246857999E-5 1.324414928868819E-5
151.7015506429174 1.4032737112771702E-6 -10.867234025025786 4.468805497307093E-5 1.1979585103138352E-5
152.36112260223442 1.52061229227689E-6 -10.90366397209177 4.694223725787091E-5 1.0767803536795179E-5
153.02069456155147 1.591921063702994E-6 -10.932594011345538 4.8328891107701004E-5 9.623453057146245E-6
153.68026652086849 1.6046057316855874E-6 -10.955245390708255 4.87274403639121E-5 8.560264173198805E-6
154.33983848018553 1.5503745010413659E-6 -10.972405190105585 4.803426664171756E-5 7.591263911553708E-6
154.99941043950255 1.426916876118541E-6 -10.984409276298118 4.616619317451733E-5 6.729060415596489E-6
155.6589823988196 1.2392275367466378E-6 -10.991024265054607 4.306349725072354E-5 5.986179223086315E-6
156.31855435813662 1.0003989161106488E-6 -10.99110350054442 3.869235442947666E-5 5.375429514429138E-6
156.97812631745364 7.317436451599405E-7 -10.9816402913926 3.3046633584829955E-5 4.910276275344801E-6
157.6376982767707 4.6216329694521994E-7 -10.954821296522923 2.614898035095833E-5 4.6051930048397984E-6
158.2972702360877 2.2674813771555086E-7 -10.886089233162673 1.8051147150789726E-5 4.475969402740787E-6
158.95684219540476 6.466744137337807E-8 -10.654406915137253 8.833550045565378E-6 4.539949426157559E-6
159.61641415472178 1.6483853888508577E-8 -9.276236635943796 -1.39594454933411E-6 4.816177200276155E-6
160.27598611403883 1.2109052255563945E-7 -8.39018654662223 -1.250397739362893E-5 5.3254314469145235E-6
160.93555807335585 4.125190077781721E-7 -8.23278650079807 -2.4334350151908514E-5 6.090133251155182E-6
161.59513003267287 9.168935189094963E-7 -8.17949265628809 -3.671130650995998E-5 7.134116975436923E-6
162.25470199198992 1.6498089635318646E-6 -8.157455881130309 -4.944335313920113E-5 8.48225976917114E-6
162.91427395130694 2.6143854101203233E-6 -8.149142846241777 -6.232751688155161E-5 1.0159971196932262E-5
163.573845910624 3.8002013248220868E-6 -8.14838780506392 -7.515392158113342E-5 1.2192550783686969E-5
164.233417869941 5.1832365071532284E-6 -8.15254806932546 -8.771055859089321E-5 1.4604427502740825E-5
164.89298982925803 6.726869459654291E-6 -8.160366461618947 -9.978811942370472E-5 1.7418301157948153E-5
165.55256178857508 8.383881083512845E-6 -8.171225813677923 -1.1118475746450884E-4 2.0654210989702254E-5
166.2121337478921 1.0099326032941722E-5 -8.18484305209211 -1.2171064815201108E-4 2.4328561433537693E-5
166.87170570720914 1.1814053636238579E-5 -8.201128318117906 -1.3119222348202233E-4 2.8453138574805737E-5
167.53127766652617 1.3468599842489241E-5 -8.220114151073478 -1.3947596686230722E-4 3.303415330108236E-5
168.1908496258432 1.0392248982973995E-5 -8.23783791075589 -1.2198252233401773E-4 3.118405528260455E-5
