907.8005222883552 1.2807453411818481E-6 0.8722528373756557 0.0028953568306480104 3.993156661694641E-4
905.771458646519 1.1698150324531054E-6 0.3025359078485297 0.002530251814933271 -0.001168600051397184
903.7514452693176 9.632400205214568E-7 -0.48935860952937316 8.563442695073142E-4 -0.002373663743013066
901.7404217409303 1.1796705503027777E-6 -1.2760182868818626 -0.0011878785735880415 -0.0025204405462345703
899.7383281820902 1.2804677651690287E-6 -1.8236270455748091 -0.002418410642096913 -0.0015940377118704996
897.7451052441414 6.993676594192167E-7 -2.284018236185009 -0.0021199111542640203 -2.607223762980393E-4
895.7606941031748 8.234125050885883E-8 -3.267799867725585 -4.763210233054149E-4 5.548524271259403E-4
893.7850364542404 3.782496099343575E-7 -5.386511044548372 0.0015435033215508431 2.5142264079935916E-4
891.8180745056375 1.3750710593474194E-6 -5.9153323167234015 0.002776667855058146 -0.0010685061079347413
889.8597509732796 2.133996795833331E-6 -6.348139060713277 0.002576147828970421 -0.0026533254550111796
887.9100090751331 2.2101063678015754E-6 -6.791007467383236 0.0012089701513057216 -0.0035553965331713844
885.9687925257292 1.6252314498423615E-6 -7.212531000014882 -3.008063055728316E-4 -0.003199163745341127
884.036045530748 5.615767512057442E-7 -7.552798464426025 -7.925615033272937E-4 -0.0017099729242711081
882.111712781672 2.2700252472804565E-8 -4.98372977158635 3.1949286309879144E-4 2.0220432128992272E-4
880.1957394505113 1.6183084605674342E-6 -4.972619850323313 0.002672641697376743 0.0017333748157898343
878.2880711845953 5.277521129473501E-6 -5.0884978774049605 0.005144791458635778 0.002545687172892941
876.388654101434 8.268444146102845E-6 -5.109200483649987 0.006490201874754992 0.0030458192469020595
874.497434783644 8.731232474480685E-6 -4.9397011375157325 0.006032757070626449 0.004201004728561775
872.6143602739414 1.0524112883961072E-5 -4.495421031116776 0.00398929311355517 0.006996075404513413
870.7393780701984 2.3152663006672605E-5 -4.079457133858616 0.0012168865677011365 0.011857286781834953
868.8724361205639 5.5711316737258006E-5 -3.897287926310418 -0.0014725887452669562 0.01839127324536216
867.0134828186466 1.1032460691143334E-4 -3.821377460188905 -0.004020411226277332 0.02559415192994452
865.1624669987605 1.8230181799324188E-4 -3.7520339091197785 -0.007419389039414831 0.03239385210967588
863.3193379312296 2.7143401107655984E-4 -3.6394083828387815 -0.013409668096042118 0.03817807948093643
861.4840453177538 4.0109777749553247E-4 -3.4724285210204613 -0.02373707793073075 0.042963204656984555
859.6565392868338 6.300939629046108E-4 -3.2803335385565537 -0.039400770133741825 0.047078047256177924
857.8367703892528 0.0010398100274688858 -3.103773302207693 -0.06032264103549513 0.05053970818870207
856.0246895936177 0.0017006245798601761 -2.9564702061578636 -0.08561465890164499 0.052500111158444385
854.2202482819542 0.0026527533037149845 -2.827059789763373 -0.11425451465547333 0.051114592422866534
852.4233982453593 0.003939237856584641 -2.699240879867773 -0.1457263422558636 0.04393925752439054
850.6340916797075 0.005684767665514358 -2.5640517888334857 -0.1801983561897828 0.0286479553401236
848.8522811814117 0.008157986729536661 -2.4231992933440436 -0.2180891516895094 0.0036660271467770927
847.0779197432374 0.011745673586931843 -2.284983238806852 -0.2592540232218766 -0.03163104515130418
845.3109607501679 0.016830208805781954 -2.156225593036784 -0.30227289868776075 -0.07723623904523427
843.5513579753223 0.02365751779952064 -2.037485954382336 -0.34428686846637035 -0.1331027315389129
841.7990655759248 0.03232488843222714 -1.9244171596464181 -0.38152456233214677 -0.19958404200081667
840.0540380893232 0.042939665734472554 -1.8118800370255943 -0.4102609744505089 -0.27738109440323644
838.3162304290569 0.05583433034934874 -1.697277161561763 -0.4276980541488079 -0.36696030465232016
836.5855978809738 0.07161752635264883 -1.581627610448636 -0.43230405535866584 -0.4677534363484786
834.8620960993954 0.09093407656289097 -1.4682127182176787 -0.4234742158703416 -0.5776233813726095
833.1456811033293 0.11406611789434136 -1.359955354997085 -0.40078698614258834 -0.692963764058902
831.4363092727272 0.14070654768379431 -1.257550587267137 -0.36337921889122893 -0.8094512646577612
829.7339373447909 0.17015573401527956 -1.1594864266826497 -0.30989432151690927 -0.9230901957711121
828.0385224103214 0.20185119380196964 -1.0634777318542077 -0.23910267308527586 -1.031008939639376
826.3500219101143 0.23581377258708883 -0.9681297484120557 -0.1508615976472447 -1.1316051087036205
824.6683936313979 0.2725900285456439 -0.8738392670164259 -0.04683483876087299 -1.2240197994211743
822.9935957043162 0.3126496387951353 -0.7824736676904285 0.0695120589240352 -1.3073268213750588
821.3255865984538 0.3556814134206279 -0.6961245518796857 0.19372709685307632 -1.3800030057686372
819.6643251194023 0.40040167703076857 -0.6158700370067776 0.32161371498063995 -1.4400801709578235
818.0097704053694 0.4451411008924064 -0.541384055152007 0.450250337456399 -1.4859537214570913
816.3618819238291 0.48884747582657 -0.4715035906699534 0.5782470603252041 -1.517386570079268
814.7206194682109 0.5317485762477064 -0.40524172942765313 0.7051302131560347 -1.5360693996381176
813.0859431546309 0.5751116811280067 -0.34257353815522107 0.830254420652229 -1.5453056161048142
811.45781341866 0.6201860251564605 -0.2845158850072371 0.9519276396931112 -1.5488807613380375
809.8361910121321 0.6670299572164582 -0.2324669174868652 1.0673187476469996 -1.5496719331928674
808.221036999991 0.7140548733350646 -0.1872807861855159 1.1732539554519814 -1.5487531046148049
806.6123127571736 0.7586685984687757 -0.14872375932525195 1.2674613906361791 -1.5455163669822158
805.009979965531 0.7986652393506358 -0.11562700050672936 1.3495169606305888 -1.5387687338758578
803.4140006107862 0.8334719882445093 -0.0865709422415799 1.4208736500503032 -1.5281912134185178
801.8243369795277 0.8644030191440182 -0.06067739056492605 1.4838649862210334 -1.5152996871716322
800.2409516562392 0.8936894536210618 -0.03807729425744466 1.5401781754688058 -1.50329156139198
798.6638075203639 0.9228473380205167 -0.019786849943317475 1.5896401260254531 -1.4957841433611676
797.0928677434032 0.9513848730303299 -0.007049661102466853 1.6300319428308367 -1.495107916633699
795.5280957860509 0.9766671901394124 -5.521129646841594E-4 1.6580947831646993 -1.5011277566598153
793.9694553953595 0.9950867885340362 0.0 1.6712128512382198 -1.5113258465783899
792.4169106019407 1.0039223436204887 -0.004273203894123667 1.6688441491997732 -1.5221975031140085
790.8704257171981 1.002831846448453 -0.012021160594077207 1.6528680110550704 -1.5312536133011454
789.3299653305932 0.9940898089258792 -0.02237731712697999 1.6265968551109347 -1.5385227063662845
787.795494306942 0.9813921201902576 -0.03545201349694138 1.5929479078198665 -1.5466523748833656
786.2669777837443 0.9678909289070619 -0.05234014139616716 1.5527699847080871 -1.559441078786373
784.744381168543 0.9545428133756297 -0.07458533825499947 1.5042783561019866 -1.5795027324687894
783.2276701363144 0.9396244535828293 -0.10336280635616601 1.4439715777250086 -1.6062956177479544
781.7168106268891 0.9196184941423801 -0.13884748635472444 1.3685953395596568 -1.6356216566491797
780.211768842403 0.8910052296044483 -0.180102409628212 1.2771252867384928 -1.6609613165969497
778.7125112447756 0.8520864930879216 -0.22547985633833245 1.171699782628552 -1.6760358059257843
777.2190045532195 0.8039419795248055 -0.2732894644761461 1.0569810057296585 -1.6773065949393051
775.7312157417782 0.7500288310734546 -0.322456741623401 0.9382683398069498 -1.6651142711171911
774.2491120368915 0.6946501262971776 -0.37294768298271985 0.8193707423548109 -1.6428486324461513
772.772660914988 0.6411293492240295 -0.42578138079369277 0.7013863890829808 -1.6145746919731967
771.3018301001081 0.5906252618436508 -0.48256188320528737 0.5830534798679288 -1.5823663425228989
769.8365875615497 0.5420869505515433 -0.5447011137613691 0.4624840798268245 -1.5447736912865264
768.3769015115447 0.493242897789433 -0.6127236333966564 0.33933531325170074 -1.4972695174314894
766.9227404029597 0.4420820302781018 -0.6859897507437283 0.21622196163084612 -1.434486570857969
765.4740729270231 0.3881181421651188 -0.7628774076060694 0.09856884155745527 -1.353115924532788
764.0308680110786 0.33283783520485993 -0.8412349363898675 -0.0070727360504329595 -1.2539844114462269
762.593094816363 0.2791334660910148 -0.9189280515922853 -0.0954083203034235 -1.1422493133556766
761.1607227358097 0.23007755799915086 -0.9944266973048919 -0.164284082817202 -1.0256141584545295
759.7337213918772 0.1877433212364811 -1.0673933607466113 -0.21514441226583841 -0.9114691953513293
758.3120606344013 0.15265213991715643 -1.1390709421738767 -0.25188884672254264 -0.8043733978838848
756.8957105384717 0.12397354545949654 -1.2121185224717264 -0.27877518506803584 -0.70506835108432
755.4846414023322 0.10020165637888363 -1.2897444852318174 -0.2984701475612599 -0.6113894146624648
754.0788237453046 0.07990243228432267 -1.3745020401045485 -0.31121022523503183 -0.5204661243598836
752.6782283057358 0.06220668046118969 -1.46734816132356 -0.3154017891474009 -0.4309923670610619
751.2828260389668 0.04689439623620678 -1.567226241401687 -0.30921966509996124 -0.3443963497910464
749.8925881153262 0.0341270119004658 -1.6710412650541044 -0.2922721465160569 -0.2643889130757027
748.5074859181434 0.024061010755977608 -1.773985965130784 -0.26643268815564725 -0.1952431930582147
747.1274910417859 0.016595243109896886 -1.8706023127568308 -0.23544485243007535 -0.13978823580805846
745.752575289717 0.011348998867391985 -1.9570767801439148 -0.20358569460924003 -0.0981709931864235
744.3827106725761 0.007792133947580148 -2.0343349738150405 -0.17414751995361713 -0.0679576759921326
743.0178694062785 0.0053984843333377145 -2.10972034511188 -0.14852787484239233 -0.04540381069956126
741.6580239101376 0.003749652084014168 -2.19479087217449 -0.12632079629787066 -0.027135722539027823
740.3031468050067 0.002573116274665237 -2.299919373593144 -0.10622941772126168 -0.011353364740079253
738.9532109114415 0.0017214045445641572 -2.4291356615866704 -0.08720027732478114 0.0019836730618310594
737.6081892478828 0.0011176227064434584 -2.577172159504147 -0.06913225982459481 0.011922618077361669
736.2680550288591 7.073334358313206E-4 -2.7291515490172324 -0.05283170918487867 0.017669871710199847
734.9327816632074 4.4065744075167643E-4 -2.8648977433114933 -0.03935719608643676 0.019426326175088493
733.602342752316 2.74604921775776E-4 -2.9698288115318654 -0.029238915638995777 0.01847165099147985
732.2767120883833 1.754375031211764E-4 -3.049488765369998 -0.022081551446519937 0.01654724758805093
730.955863652698 1.1705557376800451E-4 -3.135617787364918 -0.016777113877784883 0.014990784575610538
729.6397716139364 8.092297393598409E-5 -3.2682573486279543 -0.012156593374567731 0.014173974836260261
728.3284103264785 5.643224228964709E-5 -3.4638881907442842 -0.007643494212575513 0.013559548954657719
727.021754328742 3.815886446714921E-5 -3.700330955774092 -0.003492281960554719 0.012290105611746371
725.7197783415346 2.3060382267136798E-5 -3.9293786557296224 -4.7382311599089566E-4 0.009903244197969285
724.4224572664239 1.0768305017931786E-5 -4.0920163381539885 7.748787388323075E-4 0.006718430483605542
723.1297661841243 3.2104416485774843E-6 -4.061461251246169 3.1027649508014177E-4 0.003673046278124037
721.8416803529017 9.613608967181982E-7 -3.4502904742431726 -0.0010125081648534318 0.0017404336363696649
720.5581752069947 1.3302824094025878E-6 -2.997810010641418 -0.00196277068897166 0.001318221522049856
719.2792263550537 1.5668358649906326E-6 -3.2895306686513655 -0.0016258065913862252 0.0019793012611851735
718.0048095785942 1.7985949080909902E-6 -4.001790721653294 6.739304272440627E-5 0.002738636374086334
716.7349008304699 2.9842054040639534E-6 -4.690932598598875 0.002306039452056763 0.002662673185330089
715.469476233359 4.1545465942524235E-6 -5.194028176250292 0.0038916316860915234 0.0014380266175811895
714.2085120782683 3.8555026361844385E-6 -5.6614803479717635 0.0039640043062333374 -4.518427410602488E-4
712.9519848230518 2.56537907743921E-6 -6.22888637167525 0.0025242454511972268 -0.0020450308695643127
711.6998710909463 1.5847741451963329E-6 -6.945792885944716 4.387308574241855E-4 -0.002510855176312554
710.4521476691212 9.679703135745523E-7 -7.69172368031142 -0.0010780115053211636 -0.0016710005680434792
709.2087915072445 3.503078279933493E-7 -8.595073375905185 -0.0011888542924405332 -1.126860088092041E-4
707.9697797160627 3.3880193571537435E-7 -10.32037896585189 7.030643241101586E-5 0.0011702458120341763
706.7350895659968 1.29486065239031E-6 -11.18275392504918 0.001823564529914945 0.001381726974140074
