32 32
10.553151349072515 -1.5555866206481108 396.9847276976798
0.0 0.0 0.0 0.0 0.0 0.0 0.0 0.0 0.0 0.0 0.0 0.0 0.0 0.0 0.0 0.0 0.0 0.0 0.0 0.0 0.0 0.0 0.0 0.0 0.0 0.0 0.0 0.0 0.0 0.0 0.0 0.0 
0.0 0.0 0.0 0.0 0.0 0.0 0.0 0.0 0.0 0.0 0.0 0.0 0.0 0.0 0.0 0.0 0.0 0.0 0.0 0.0 0.0 0.0 0.0 0.0 0.0 0.0 0.0 0.0 0.0 0.0 0.0 0.0 
0.0 0.0 0.0 0.0 0.0 0.0 0.0 0.0 0.0 0.0 0.0 0.0 0.0 0.0 0.0 0.0 0.0 0.0 0.0 0.0 0.0 0.0 0.0 0.0 0.0 0.0 0.0 0.0 0.0 0.0 0.0 0.0 
0.0 0.0 0.0 0.0 0.0 0.0 0.0 0.0 0.0 0.0 0.0 0.0 0.0 0.0 0.0 0.0 0.0 0.0 0.0 0.0 0.0 0.0 0.0 0.0 0.0 0.0 0.0 0.0 0.0 0.0 0.0 0.0 
0.0 0.0 0.0 0.0 0.0 0.0 0.0 0.0 0.0 0.0 0.0 0.0 0.0 0.0 0.0 0.0 0.0 0.0 0.0 0.0 0.0 0.0 0.0 0.0 0.0 0.0 0.0 0.0 0.0 0.0 0.0 0.0 
0.0 0.0 0.0 0.0 0.0 0.0 0.0 0.0 0.0 0.0 0.0 0.0 0.0 0.0 6.576348920383197E-8 0.0 0.0 0.0 0.0 0.0 0.0 0.0 0.0 0.0 0.0 0.0 0.0 0.0 0.0 0.0 0.0 0.0 
0.0 0.0 0.0 0.0 0.0 0.0 0.0 0.0 0.0 0.0 0.0 0.0 1.992947017555741E-6 5.472187104783813E-6 1.8872660502906172E-6 2.3870095425282134E-7 0.0 0.0 0.0 0.0 0.0 0.0 0.0 0.0 0.0 0.0 0.0 0.0 0.0 0.0 0.0 0.0 
0.0 0.0 0.0 0.0 0.0 0.0 0.0 0.0 0.0 0.0 0.0 7.102225799066892E-6 3.5023491909332935E-5 1.242661548998899E-4 2.708326485239534E-5 1.517600385260416E-5 0.0 0.0 0.0 0.0 0.0 0.0 0.0 0.0 0.0 0.0 0.0 0.0 0.0 0.0 0.0 0.0 
0.0 0.0 0.0 0.0 0.0 0.0 0.0 0.0 1.2347241488437356E-6 1.0190204048213846E-5 7.169312480655851E-5 2.4146238724773023E-4 2.8556391799326974E-4 6.35309854623312E-4 8.341869938198709E-4 1.4085037381010422E-4 1.2114248145881497E-4 2.9938964928370805E-5 2.7128444597005047E-5 1.7408693814783431E-6 1.2695727509345804E-5 0.0 0.0 0.0 0.0 0.0 0.0 0.0 0.0 0.0 0.0 0.0 
0.0 0.0 0.0 0.0 0.0 0.0 0.0 8.154544155552729E-6 7.003087600954888E-5 3.760293913864321E-4 0.0011007663304462454 0.002385618017549585 0.002973383514966391 0.003974346903300076 0.0041567203700916 0.0028046619571539134 0.002288387636217453 0.002507440280497736 0.0020048088341246984 0.0016716724034723355 8.90358674720888E-4 3.8592749740815437E-4 7.003197484991491E-5 2.7484977040087202E-5 1.5427088573522434E-6 0.0 0.0 0.0 0.0 0.0 0.0 0.0 
0.0 0.0 0.0 0.0 0.0 0.0 2.3237002084329472E-5 1.8538461034494307E-4 8.468443511929798E-4 0.0030529113263596543 0.005399831497543451 0.008416629941518997 0.010754676385506834 0.013766291890783497 0.01578493541918058 0.015202602909153267 0.013373847539171072 0.01252457943741826 0.010653511156010702 0.00906678164493914 0.006927145244277949 0.004578371269707643 0.0028240278671290667 0.001055776989625104 2.3398904282348723E-4 3.997695622992778E-5 0.0 0.0 0.0 0.0 0.0 0.0 
0.0 0.0 0.0 1.4724967355352295E-6 7.63561569257971E-6 1.4823665634856707E-4 6.47864771000577E-4 0.0016696821729404036 0.004232641723364583 0.008592957087634464 0.013853192253791023 0.02264570344717384 0.031704253165485266 0.04171914688478464 0.047967829212465514 0.049602909518259936 0.04702414833643832 0.046591288028306956 0.04172757788451342 0.03357198721837831 0.023867567184229263 0.01617108027040103 0.01026393527157294 0.00632329530439765 0.0033204703839416023 0.0013399409466435545 2.480269224180012E-4 3.110302799455181E-5 0.0 0.0 0.0 0.0 
0.0 0.0 4.1733231612858685E-6 2.209717957782577E-5 2.9327958739001924E-4 0.0015584046281479648 0.004281805669674191 0.007841826539174417 0.013352996903334297 0.022972060201890812 0.036378603798972134 0.05286647609047044 0.0722814678014568 0.09850033879300264 0.12087086566690908 0.12840367336373007 0.12937293928766858 0.13033964660760036 0.10804734615527402 0.08878362455772908 0.07098621923392628 0.05095502452493817 0.03559678284104965 0.023485098127824837 0.013641912461668158 0.009092740576067815 0.0050672390795788586 0.0021338921987330423 4.3113364779994275E-4 0.0 0.0 0.0 
0.0 0.0 2.6737430911488202E-5 2.4734564826061744E-4 0.001965246702854065 0.006174517770073443 0.012823619628481503 0.023211122455091292 0.040270554801421374 0.05991739532844465 0.08934891489627045 0.12209662502988267 0.1566605080110447 0.2133974027878667 0.24314697007754454 0.27725536919472554 0.29036220502243093 0.2843646902317794 0.2560302170149043 0.22104185498639556 0.17644016532420265 0.13534455375356394 0.09916650151966763 0.07260138401113206 0.04946586302881901 0.03021901285471004 0.016107398333494474 0.007923702880636296 0.0033919751395264093 5.792373310118451E-4 8.142689332400149E-5 1.366867249089035E-4 
0.0 3.5169774459575227E-6 1.4616774276931114E-4 0.0013146379489899392 0.0055263731650441305 0.013949642571053173 0.03038222586031197 0.05213789616652837 0.08426554993609038 0.1288885135603688 0.18709580360072517 0.2460949986263192 0.3225948258355477 0.40844681029895075 0.46271790444159755 0.5353663267504529 0.5405047804369834 0.5605745801570955 0.5278249172678334 0.46857701681983815 0.39625921801887587 0.32494032250992977 0.24471015226378712 0.1749142315991973 0.11593024960221558 0.07027221410974134 0.039922712316235634 0.019805278165846284 0.008666963156289372 0.003235576286008275 0.001106729033762833 0.0015551848414278185 
0.0 1.3270910877992826E-5 3.6123860312901873E-4 0.003021529478764819 0.009191456190544163 0.024355810317152234 0.05028811786473445 0.08518989581507933 0.14134938342688047 0.21028754105605973 0.30078557536142464 0.3920356320614475 0.4984262698019271 0.6154268935895579 0.7086772728491664 0.8131912342450598 0.8577222127973473 0.8489267295526566 0.8177538765413964 0.7515235777266593 0.6543862354217929 0.5341028225813037 0.40511081589529696 0.29533424284820703 0.19516581566418417 0.11988304762498539 0.06732305087973327 0.033872446877697346 0.014061744675906878 0.005913493546413717 0.003335472833780123 0.004194678497464652 
5.986419758229101E-7 2.110425450717156E-5 1.9312199443327746E-4 0.0031947823343249308 0.009899613534522646 0.027850072126698773 0.05719980815636779 0.10278091990969784 0.1661328358190856 0.2512768933521945 0.3584201319909221 0.46513281570988674 0.6016642848854095 0.717700695425586 0.8434112000034726 0.9418182530574437 0.9886619568945264 1.0 0.991628298228756 0.917869756654684 0.7965602453916196 0.6566463396150112 0.503629287739855 0.3543939028508115 0.23588017246731974 0.14120174875562844 0.07638957678105623 0.03903309982528655 0.014374262695516912 0.005035361265838797 0.001692729587965264 0.0017990361669628673 
1.551954268772554E-6 5.471337540864611E-5 2.6035030239638057E-4 0.002751871008082457 0.008901964626977399 0.02576180848982882 0.0527435387312901 0.08856632908938473 0.14818276970145647 0.22561353093934539 0.323135828835936 0.4065691804666966 0.5376247291337081 0.6406631231815941 0.745025558347767 0.8129136259642422 0.8588975333409985 0.848036865867516 0.8323425541660828 0.7590620192767693 0.6650416369519135 0.5392972774764019 0.4282657135952496 0.3059856786433877 0.20280035852111658 0.12530247230756586 0.06767944989019443 0.03368627590200686 0.012406083732314504 0.0035654251332623414 2.8975151851122564E-4 1.785822095076609E-4 
0.0 7.945838329807558E-5 1.5750137019523807E-4 0.0015972338223449293 0.005771468292479697 0.016094817610836552 0.033683071685398656 0.05964432024288152 0.09622798840851916 0.14632436564960014 0.2030410477042426 0.2689870974843583 0.33400123629888145 0.39496553049154204 0.4516971307201793 0.5042959381225962 0.5412240857476931 0.528052036153599 0.5099178893911573 0.45373065068570906 0.3940990393433205 0.31451207238927337 0.24157975910398277 0.18038008895288352 0.12270377124829177 0.07582263922353084 0.04204076322926325 0.019869700012401174 0.008251903719388335 0.0020254515846960864 4.530273320793658E-5 0.0 
0.0 5.2584432516776236E-5 3.3397696364664736E-5 3.91810313494639E-4 0.0029314610368000055 0.007802229436728169 0.01644865105195873 0.029554846812931072 0.04674483848699792 0.06908178772587922 0.09923425922223034 0.13640673987974156 0.17226557509379156 0.2135057575357482 0.24811761032287713 0.26732007730788987 0.2781460032488936 0.2665079314712366 0.2410654569077879 0.20888607576446863 0.17308299080165082 0.13874817277167978 0.11064270146711049 0.08240449402455438 0.057931581055421795 0.03736256263760689 0.020428356098566195 0.010355025598829679 0.004388632970579007 7.437660304171508E-4 8.9415325115088E-6 0.0 
0.0 0.0 2.2206258422831244E-5 5.300169643426341E-5 6.169753581836624E-4 0.0027799716396924015 0.00578336042409624 0.009951921611427729 0.017578730338674277 0.029754233159914274 0.04210855848522001 0.059323117131816275 0.07422920750335407 0.08790710567269422 0.10294516860083461 0.11369563738178362 0.11158953608056409 0.10929435199579991 0.10007235386310237 0.08307032355059897 0.06797476626105847 0.053631538644232674 0.040130267653841464 0.027615054301727723 0.01930447187189774 0.01234378409631502 0.0070611871912174985 0.0032725220227736405 9.381637770083327E-4 1.073359346960304E-4 0.0 0.0 
0.0 0.0 0.0 0.0 4.0166781039856726E-5 3.922042132115862E-4 0.0013122436678961338 0.002913691311114999 0.005841372494110749 0.010197405084943883 0.01614174914777655 0.02262458448486611 0.02978079166629092 0.03388466027043417 0.038842879792979006 0.04032298293671275 0.04078208809468897 0.03843199305936857 0.03522407801366608 0.028833314959299153 0.021602862137217592 0.01597646012206652 0.011225321973551042 0.007185007151027038 0.004727055140623292 0.002244606197904804 0.0011423852692281473 3.818032717432419E-4 4.778932511766559E-5 0.0 0.0 0.0 
0.0 0.0 0.0 0.0 0.0 0.0 1.8176939490816933E-5 3.434840568453462E-4 0.0014534682384470179 0.0030497764690729052 0.004795952314293517 0.006200448552827246 0.008172406077748783 0.00910689327253075 0.01065391021172174 0.01097252223304712 0.01130415968332222 0.010820933996062198 0.009517864820000428 0.007658280742622857 0.006013461274575648 0.004435654813744121 0.002210690028233379 0.0010936075368661847 5.267276262194627E-4 1.8561686447581653E-4 1.328229662959435E-4 1.3759755417283856E-6 0.0 0.0 0.0 0.0 
0.0 0.0 0.0 0.0 0.0 0.0 0.0 5.333346823487114E-5 5.8442892899757855E-5 1.1569793326919382E-4 6.023744277436373E-4 9.63230793073919E-4 0.001656864920463505 0.0024328463687739764 0.002524271184632995 0.0029503549370478803 0.0033112542121282703 0.002455667543849708 0.001789864756365717 0.0014376279611120063 8.199582806457411E-4 4.3125169672312386E-4 2.0291486459670592E-4 6.40390395702261E-5 1.4127746415091624E-5 4.209729912354622E-6 1.576230984421055E-5 0.0 0.0 0.0 0.0 0.0 
0.0 0.0 0.0 0.0 0.0 0.0 0.0 0.0 1.4786286181354371E-5 2.2071752450910227E-6 6.643450400955642E-5 1.5817746022373096E-5 8.074672018521584E-6 5.7680935997912894E-5 3.7532523500873434E-5 1.0911528970813605E-4 3.275581365037211E-5 2.126649524640491E-4 6.53391384346671E-5 1.0578083790596596E-4 3.93745066619009E-5 1.1109838941134358E-5 5.8703444654239385E-6 0.0 0.0 0.0 0.0 0.0 0.0 0.0 0.0 0.0 
0.0 0.0 0.0 0.0 0.0 0.0 0.0 0.0 0.0 0.0 0.0 0.0 0.0 0.0 0.0 0.0 0.0 3.0520034904703527E-6 4.214088083977592E-7 2.5161598625640897E-6 3.3140103537399264E-7 0.0 0.0 0.0 0.0 0.0 0.0 0.0 0.0 0.0 0.0 0.0 
0.0 0.0 0.0 0.0 0.0 0.0 0.0 0.0 0.0 0.0 0.0 0.0 0.0 0.0 0.0 0.0 0.0 0.0 0.0 0.0 0.0 0.0 0.0 0.0 0.0 0.0 0.0 0.0 0.0 0.0 0.0 0.0 
0.0 0.0 0.0 0.0 0.0 0.0 0.0 0.0 0.0 0.0 0.0 0.0 0.0 0.0 0.0 0.0 0.0 0.0 0.0 0.0 0.0 0.0 0.0 0.0 0.0 0.0 0.0 0.0 0.0 0.0 0.0 0.0 
0.0 0.0 0.0 0.0 0.0 0.0 0.0 0.0 0.0 0.0 0.0 0.0 0.0 0.0 0.0 0.0 0.0 0.0 0.0 0.0 2.9495545656334662E-5 5.8090137965311485E-5 0.0 0.0 0.0 0.0 0.0 0.0 0.0 0.0 0.0 0.0 
0.0 0.0 0.0 0.0 0.0 0.0 0.0 0.0 0.0 0.0 0.0 0.0 0.0 0.0 0.0 0.0 0.0 0.0 0.0 9.00369178103527E-6 9.561131383620498E-4 0.0014365595039445643 3.335487917036791E-5 0.0 0.0 0.0 0.0 0.0 0.0 0.0 0.0 0.0 
0.0 0.0 0.0 0.0 0.0 0.0 0.0 0.0 0.0 0.0 0.0 0.0 0.0 0.0 0.0 0.0 0.0 0.0 0.0 8.209702647051449E-4 0.003549317904241944 0.0042512251654942745 2.1603995611572816E-4 0.0 0.0 0.0 0.0 0.0 0.0 0.0 0.0 0.0 
0.0 0.0 0.0 0.0 0.0 0.0 0.0 0.0 0.0 0.0 0.0 0.0 0.0 0.0 0.0 0.0 0.0 0.0 0.0 0.0029392509555409853 0.0055375229784580355 0.005982874190189888 7.854828830756545E-5 0.0 0.0 0.0 0.0 0.0 0.0 0.0 0.0 0.0 
