935.9245180924945 4.278844316582941E-6 -9.25837269288133 0.005477297559216332 -0.004731283776864714
933.2531108992035 6.333069806656948E-6 -9.374489917365043 0.005934885617919661 -0.006470767721608484
930.5969102845905 7.127351855693281E-6 -9.442510700638355 0.005798383690809317 -0.007255909299152208
927.9557867754584 5.050636228579149E-6 -9.490633309810972 0.004568605283211125 -0.0063177718732676524
925.3296123642796 1.674031182936012E-6 -9.538585963782403 0.002445907806297609 -0.0037485040563116634
922.7182604885155 3.042294057022852E-8 -9.842175265640265 1.6312236550453107E-4 -5.791559278789382E-4
920.1216060102837 4.3638041478572747E-7 -12.558583902056833 -0.001463432170961787 0.0017384106278763856
917.5395251963695 7.296295353376175E-7 -12.513102411581503 -0.001986957934088207 0.002153448910249045
914.9718956985706 2.366774600109406E-7 -12.088487128186726 -0.0015321407200893367 6.49535759389197E-4
912.4185965343733 2.880574866821329E-7 -10.484796321354334 -6.58757094197715E-4 -0.0017081571870927181
909.8795080679495 9.797368795968717E-7 -10.117373647802285 -2.206502068530236E-6 -0.003366986585702225
907.3545119914711 8.851653241834707E-7 -10.092278708808166 7.799073428833847E-5 -0.003190526475252309
904.8434913067347 1.250372965155897E-7 -10.420900614995508 -3.582712560661616E-4 -0.0011412648959596705
902.3463303070895 3.2519256786194714E-7 -12.741300817341191 -9.508726189616512E-4 0.001672309113441739
899.8629145596653 1.316450662936998E-6 -12.910778036388134 -0.0013146184511645398 0.0036291846275751105
897.3931308878917 1.264568448023345E-6 -12.910950155894453 -0.001284306181527417 0.0035474100875882986
894.9368673543054 2.5957872010469625E-7 -12.641733216630525 -9.856955568268155E-4 0.0013907420530954173
892.4940132436374 3.051489235064451E-7 -10.513719782549558 -7.126683426018632E-4 -0.0016998115334979913
890.0644590461795 1.552146964705938E-6 -10.289209288301233 -7.115433752087341E-4 -0.004084111973477689
887.6480964414188 2.029764862103317E-6 -10.333285814144867 -0.0010159203899104963 -0.0046174415759772935
885.2448182819393 1.2182259081521451E-6 -10.516714010391865 -0.0014224668682613073 -0.003364490892890648
882.8545185775841 4.643813464471061E-7 -10.905587707060441 -0.0015959405584499153 -0.001584899087628322
880.477092479874 2.2205823866642237E-7 -11.01574166711259 -0.0012141168761295312 -9.653978056824442E-4
878.1124362666762 5.920272330513269E-7 -10.14043294275779 -5.989622742019751E-5 -0.0025252344520325654
875.7604473271205 3.5350169113880013E-6 -9.791401048042378 0.00196744917449225 -0.005832916918153547
873.4210241467558 9.840689277455749E-6 -9.621125790533634 0.004871224734033522 -0.009010885804119129
871.0940662929462 1.5464237721583422E-5 -9.388391293137479 0.008524322568898762 -0.00955738832581167
868.7794744004967 1.7823208829803112E-5 -8.96200189320267 0.012542229118021067 -0.005542146065749303
866.4771501575111 2.5865339970378804E-5 -8.332933162416342 0.016102487316870473 0.0034824696537139477
864.1869962914707 5.5968238621991344E-5 -7.803899026013075 0.01781597469537504 0.01633379199646279
861.9089165555359 1.153841629255684E-4 -7.447750325125664 0.015756626764822854 0.030818468494603384
859.6428157150625 1.9862387209509014E-4 -7.145875023592904 0.007696323817502879 0.044634905467532744
857.38859953433 3.1091064569929375E-4 -6.824503681174701 -0.008480927188961429 0.055879590101616965
855.1461747634792 4.996398807032131E-4 -6.4754265761278464 -0.03424156708474714 0.06272362160384007
852.9154491256535 8.61739493310911E-4 -6.133997571525797 -0.06977240182381222 0.062398871464412836
850.696331304341 0.001517389032196225 -5.82164386218674 -0.11325514330586257 0.050212275999932235
848.4887309309138 0.0025846023525630973 -5.525753431772921 -0.16007972778529084 0.019533631210678387
846.2925585723608 0.004217363218827696 -5.2251776643859 -0.20217938862013535 -0.03661332097741462
844.1077257192106 0.006720964562184365 -4.911130404221346 -0.22787942579323772 -0.12248615240373793
841.9341447736409 0.01063391691719095 -4.589976148308905 -0.22277490634882596 -0.23606432010718587
839.7717290377709 0.01662826635377529 -4.272399444287267 -0.17202368014863884 -0.3664784297213943
837.6203927021343 0.025281266293695558 -3.9624032316688353 -0.06398811978577096 -0.49377968027097624
835.4800508343283 0.03701972103904402 -3.6570575706561232 0.10550746610385736 -0.5916398022336344
833.3506193678365 0.0524082842020464 -3.353100749466641 0.3296289474823849 -0.6324904175455296
831.2320150910228 0.07244278488290679 -3.0519224300041 0.5891915714845859 -0.593671790880413
829.1241556362917 0.09829217374079718 -2.759044522746441 0.854558972461156 -0.4627591090139061
827.0269594694136 0.13051053406313082 -2.4797639958517523 1.0907775317980077 -0.24051661069603628
824.9403458790125 0.1685309798608566 -2.215917645316707 1.264704660552596 0.05925555360623619
822.8642349662109 0.21114595214193846 -1.9664499073847121 1.3519927660215565 0.4127260173536399
820.7985476344322 0.25759294287219037 -1.730116590872222 1.341687607936919 0.7908470187836613
818.7432055793547 0.30808418359274503 -1.507483164074114 1.237015067555407 1.164597369529111
816.6981312790178 0.36318394049391917 -1.3007879164252056 1.0523614249548112 1.509400597979464
814.6632479840753 0.42272635010299764 -1.1121800143056184 0.8078835252464451 1.8079117944686964
812.6384797081935 0.48546100110188917 -0.9420728087785548 0.5239734634934222 2.05091307987684
810.6237512185933 0.5497897686518185 -0.7889263483921543 0.21759478558911222 2.236530162870307
808.618988026732 0.6147973222067328 -0.6503423218537296 -0.09857352826319465 2.368301155227425
806.6241163791228 0.6804708990316047 -0.5244685102452209 -0.4146566633225996 2.452787222968462
804.6390632482908 0.7467409850059633 -0.41078315681556 -0.7212755992635655 2.4974257501200943
802.6637563238605 0.8120436493720873 -0.30991713390051423 -1.0080927260760961 2.5091875884751014
800.6981240037765 0.8726609663623681 -0.22285041493491242 -1.2641676453874062 2.4943052798259835
798.7420953856508 0.9236741317591313 -0.15016680237679658 -1.4798892637150858 2.458929068791303
796.7956002582382 0.961161755876955 -0.09183209334867648 -1.6492644383239923 2.4101632069581553
794.858569093035 0.9841920225458769 -0.04747194127673815 -1.7711015374912265 2.356715980349516
792.9309330360004 0.9951673251507558 -0.016820113440047635 -1.8482476935062175 2.308514066025868
791.0126238993977 0.9982438857123684 0.0 -1.8851564292238132 2.2751009420802895
789.1035741537545 0.9968657587579374 0.0025274895424303168 -1.8850346059330207 2.263285787490249
787.2037169199381 0.9919053286109574 -0.009721725698698336 -1.8480837692254901 2.27501981818145
785.3129859613454 0.981389424590667 -0.03693070080672811 -1.7717507639106351 2.306548271784239
783.4313156762055 0.9618725980580861 -0.07887880847931505 -1.652771916495598 2.3494036501909394
781.5586410899917 0.9306787555266381 -0.1350882999125691 -1.489782439053548 2.3929447170944638
779.6948978479437 0.887749114561469 -0.2050700289941325 -1.2849629797347806 2.4273219826018124
777.8400222076946 0.8360075399880315 -0.2885120899472504 -1.0438051520572493 2.445423844077017
775.9939510320041 0.7800459421387113 -0.38536799170422853 -0.773267706999032 2.442780349026865
774.1566217815953 0.7239858015126618 -0.4959036551268756 -0.47967694612645373 2.4154478603568927
772.3279725080914 0.6697946512469556 -0.6207720873342453 -0.16803323050527788 2.3570820781003197
770.507941847054 0.6169092404130913 -0.7610948570466594 0.15633811960077232 2.2571027110993094
768.6964690111187 0.5631974014463812 -0.9184213869997837 0.4842847422147103 2.1016154591221605
766.8934937832273 0.5065962373931511 -1.0944301113053037 0.7993444243157409 1.8775803951943564
765.0989565099553 0.44645360012583835 -1.2903688677392626 1.0766707419525265 1.5790844456572366
763.3127980949329 0.38384336046039985 -1.5064396926566284 1.2860120832357582 1.2132597926133692
761.5349599923574 0.32089985523774356 -1.7415109614191566 1.3986256747502868 0.8030775975331744
759.7653842005969 0.25995042449223427 -1.9935170041341985 1.396031093134047 0.38519041914922736
758.0040132558823 0.20315890520932833 -2.2604964012337865 1.2772950062062631 0.0028615010815169484
756.2507902260872 0.15258824722946004 -2.541584586250605 1.061747523158583 -0.30398615295369236
754.5056587045934 0.11005174874032851 -2.8370090072162446 0.7856515447501319 -0.5083265379809263
752.7685628042422 0.07652990799819083 -3.1466566399126963 0.49369054012531965 -0.6019895405616866
751.0394471513672 0.051686150631920495 -3.4680151281584104 0.22816412868670016 -0.5961713736603904
749.3182568799119 0.03406687416810008 -3.7956354960263754 0.019590343097594998 -0.5166820551078836
747.6049376256254 0.02186164451418448 -4.12389173141418 -0.118312777775108 -0.39595512956392753
745.8994355203387 0.013566517637928628 -4.45144343142961 -0.18816800476976264 -0.26474229316309317
744.2016971863193 0.008135528956693673 -4.7829582968833595 -0.20404232887384124 -0.14609039858657258
742.5116697307024 0.004786703463852267 -5.1251249879303264 -0.18461716109785042 -0.05292846200259706
740.8293007399976 0.002839181951748405 -5.47868698841039 -0.14716885212519237 0.010963343891369838
739.1545382746709 0.001722738092384329 -5.835881027426876 -0.10418029144852153 0.04797506897243853
737.4873308637992 0.0010489035081285229 -6.193459812272981 -0.06290471706396265 0.06337603890625738
735.8276274997972 6.191975844919386E-4 -6.571299301081335 -0.026897975621552637 0.06294708732133807
734.1753776332157 3.5828407138043244E-4 -7.013839713902383 0.0020108357296984023 0.05191476541698176
732.5305311676093 2.2925451926988235E-4 -7.549265284019071 0.022520467598011646 0.03481696894934292
730.8930384544735 1.8567173650630914E-4 -8.112703153473472 0.03379350740587934 0.01563026285268829
729.262850288249 1.757255621525425E-4 -8.610293271903211 0.03606650184820466 -0.0023248591071406005
727.6399179013927 1.6876039478384828E-4 -9.039738321525912 0.031117091013481882 -0.016750338267321502
726.0241929595155 1.6249939984623702E-4 -9.42765825916663 0.021999283762917973 -0.026706031956440758
724.4156275565831 1.64316860539537E-4 -9.762501284750739 0.012041513846863347 -0.03256092822541003
722.8141742101814 1.7392299195915898E-4 -10.014467368822197 0.003637628258967393 -0.035451427662777146
721.2197858568442 1.8390260319986652E-4 -10.18456605463176 -0.002478943229062336 -0.03648077642927694
719.6324158474434 1.8685317320664944E-4 -10.310271920528889 -0.007073755365995249 -0.03608922287007904
718.0520179426387 1.7815543458813947E-4 -10.443110601629133 -0.011488401194786002 -0.033939262648623736
716.478546308388 1.581090872753748E-4 -10.629403015773423 -0.016521135917094476 -0.029350625167286037
714.9119555115163 1.3398574342109482E-4 -10.897081627173966 -0.02176567151024883 -0.021985956243212534
713.3522005153429 1.1475651564788722E-4 -11.240782612816675 -0.025765375645444788 -0.01234241045383938
711.7992366753658 1.02221242028445E-4 -11.622954500794114 -0.02684882351620388 -0.0017357760406525313
710.2530197350013 9.210792733837841E-5 -12.015695218799264 -0.02412375362219432 0.008213975257760409
708.713505821381 8.410320710284302E-5 -12.421579522621006 -0.01804061994399675 0.016277413661435647
707.1806514412011 8.459750378144697E-5 -12.824790002687395 -0.01021485673737188 0.022067593475310843
705.654413476627 9.803426725397503E-5 -13.157116841810609 -0.0026387467800675912 0.025987017272654622
704.1347491812505 1.2062051722318047E-4 -13.37079868304356 0.0032453239867820116 0.028728685422938494
702.6216161760988 1.435976733641259E-4 -13.48548434925582 0.007089466897990893 0.030668593428047952
701.1149724456945 1.5810345983374385E-4 -13.551832210375537 0.009535604718694635 0.03154856165822517
699.6147763341678 1.5699715307792244E-4 -13.619623282741248 0.011585099119564013 0.0306563715951067
698.1209865414163 1.383042487031141E-4 -13.726781067961767 0.013858939330225306 0.027386895313368687
696.6335621193156 1.0884365949823846E-4 -13.896878487976396 0.01619528117391028 0.0218171265039242
695.1524624679774 7.980896118707638E-5 -14.131837414838692 0.017798217734588673 0.014908357996124444
693.6776473320558 5.708965894142414E-5 -14.398749971527527 0.017808018859611585 0.008174834695075184
692.2090767970997 3.916798453132587E-5 -14.64335455945711 0.015917315200797533 0.002991166702981829
690.7467112859521 2.399249155765675E-5 -14.833561641902019 0.01264896700940632 -5.63432735634084E-5
689.2905115551949 1.2845231576697129E-5 -14.97948904543258 0.009131598364099713 -0.0013836719442970047
687.8404386916384 7.058466412161267E-6 -15.134590028655708 0.006515659591201595 -0.0020547385821698683
686.3964541088549 5.828259627185978E-6 -15.347604484035486 0.005380834395737999 -0.0030701323106616663
