-168.85042158516023 1.0901395382171432E-5 14.338331916986288 -7.343183904375785E-5 -1.1033538675231326E-4
-168.1908496258432 1.1516021250517755E-5 14.31983037718408 -7.755861243308983E-5 -1.1198741500644301E-4
-167.53127766652617 1.2014610591138469E-5 14.298463927922102 -8.164553787263626E-5 -1.1266736571053851E-4
-166.87170570720914 1.2394682962342703E-5 14.274278241474496 -8.567005813293337E-5 -1.123966449735624E-4
-166.2121337478921 1.265907321219847E-5 14.247304067190615 -8.961105270183495E-5 -1.1121264867764238E-4
-165.55256178857508 1.2815279847158791E-5 14.217570025126026 -9.344903242450037E-5 -1.0916674546548043E-4
-164.89298982925803 1.287457810161853E-5 14.185114507190832 -9.716628471799814E-5 -1.0632198386448196E-4
-164.233417869941 1.2850988027618282E-5 14.149996813781978 -1.0074696472358806E-4 -1.0275061073339167E-4
-163.573845910624 1.276018924622795E-5 14.112307283834362 -1.0417712900287426E-4 -9.853149077794965E-5
-162.91427395130694 1.2618466966913115E-5 14.07217584483527 -1.0744470989053815E-4 -9.374751626324673E-5
-162.25470199198992 1.2441760200222547E-5 14.029778151297277 -1.105394303564624E-4 -8.848309237259663E-5
-161.59513003267287 1.224486495687471E-5 13.985338355545258 -1.1345266115848257E-4 -8.282177715271632E-5
-160.93555807335585 1.2040825017964656E-5 13.939127631320936 -1.1617722412360792E-4 -7.684414596383101E-5
-160.27598611403883 1.1840522845016648E-5 13.891457895377417 -1.1870714750677963E-4 -7.062593922382618E-5
-159.61641415472178 1.1652465296787795E-5 13.842670736693268 -1.2103738145985443E-4 -6.423653946342261E-5
-158.95684219540476 1.1482744438953483E-5 13.793122280662724 -1.231634836078769E-4 -5.773780980803415E-5
-158.2972702360877 1.1335143681064936E-5 13.743165426924339 -1.2508128648223619E-4 -5.118331150823973E-5
-157.6376982767707 1.1211353961655222E-5 13.69313141384757 -1.2678656000847998E-4 -4.461790359910173E-5
-156.97812631745364 1.1111263410210928E-5 13.643312826368666 -1.282746833028902E-4 -3.8077713707603056E-5
-156.31855435813662 1.1033286128293079E-5 13.593949921955337 -1.295403406208052E-4 -3.1590455942782546E-5
-155.6589823988196 1.0974700492577726E-5 13.545221569254926 -1.3057725635727104E-4 -2.51760601390457E-5
-154.99941043950255 1.0931973649634483E-5 13.497241336273685 -1.3137798348375986E-4 -1.8847566858580604E-5
-154.33983848018553 1.0901055666123732E-5 13.450058519723367 -1.3193375868938946E-4 -1.2612234793945341E-5
-153.68026652086849 1.0877633308734215E-5 13.40366332729637 -1.3223443578305684E-4 -6.472801760387753E-6
-153.02069456155147 1.0857339078957064E-5 13.357995087052283 -1.3226850662940233E-4 -4.2883744958041686E-7
-152.36112260223442 1.0835915594723466E-5 13.312952261989462 -1.3202321608920674E-4 5.521874441258114E-6
-151.7015506429174 1.0809338600592478E-5 13.268403139201032 -1.314847741898532E-4 1.1381985255726592E-5
-151.04197868360038 1.0773903887235906E-5 13.224196267268166 -1.3063866516478212E-4 1.71533180766882E-5
-150.38240672428333 1.0726284409035135E-5 13.18016996389892 -1.29470049192079E-4 2.2835742475092632E-5
-149.7228347649663 1.0663564150626787E-5 13.136160458831405 -1.279642487690836E-4 2.8426229926397348E-5
-149.06326280564926 1.0583255041514187E-5 13.092008447046453 -1.2610730782979822E-4 3.3918123386099104E-5
-148.40369084633224 1.0483302634126065E-5 13.047563994362003 -1.2388660809959688E-4 3.930064444193263E-5
-147.7441188870152 1.0362085460165642E-5 13.00268986264667 -1.2129152394099995E-4 4.455865085953482E-5
-147.08454692769817 1.0218412017423557E-5 12.957263411645517 -1.1831409422267562E-4 4.967264663723149E-5
-146.42497496838115 1.0051518230590442E-5 12.911177296386747 -1.1494968767550786E-4 5.4619036302897036E-5
-145.7654030090641 9.861066982945674E-6 12.864339219903442 -1.1119763690043627E-4 5.9370605512132516E-5
-145.10583104974708 9.647149960430483E-6 12.81667102515219 -1.0706181575268121E-4 6.38972013962713E-5
-144.44625909043003 9.410290657326308E-6 12.768107420226322 -1.0255113530768972E-4 6.81665788590235E-5
-143.786687131113 9.151446084669347E-6 12.718594628404087 -9.767993504318105E-5 7.21453733704777E-5
-143.127115171796 8.872003659581058E-6 12.668089239435762 -9.246824824091407E-5 7.580015692327158E-5
-142.46754321247894 8.573769112684103E-6 12.616557510376552 -8.694192387607847E-5 7.909853179172317E-5
-141.80797125316192 8.258941190109801E-6 12.563975322506776 -8.113259133955699E-5 8.201021658703883E-5
-141.14839929384488 7.930069549625284E-6 12.510328944486602 -7.507745911119574E-5 8.450808077379565E-5
-140.48882733452785 7.589993573653699E-6 12.455616679785827 -6.881894382206238E-5 8.656908717680961E-5
-139.8292553752108 7.241761755991233E-6 12.399851387715028 -6.240413183377889E-5 8.817510687379095E-5
-139.1696834158938 6.888533666663146E-6 12.34306376217864 -5.588408132604251E-5 8.931357699334421E-5
-138.51011145657677 6.533468973677106E-6 12.285306133058505 -4.931297870758556E-5 8.997797903410794E-5
-137.85053949725972 6.179610260286825E-6 12.226656428635023 -4.274716873247631E-5 9.016812307261882E-5
-137.1909675379427 5.829768075273614E-6 12.16722181644543 -3.624408279643593E-5 8.989023130261445E-5
-136.53139557862565 5.486417493517476E-6 12.10714144421581 -2.9861094300272815E-5 8.915682241142027E-5
-135.87182361930863 5.151615245396615E-6 12.046587657417033 -2.3654333512361467E-5 8.798640602572635E-5
-135.21225165999158 4.8269451334756205E-6 11.985765102116357 -1.767749687795994E-5 8.640300354810082E-5
-134.55267970067456 4.513497086187247E-6 11.92490725071765 -1.1980687083344396E-5 8.443551789209305E-5
-133.89310774135754 4.21188204388256E-6 11.864270116640174 -6.609320299360308E-6 8.211697968572023E-5
-133.2335357820405 3.922281298595401E-6 11.804123229740988 -1.60313585929755E-6 7.948370128296534E-5
-132.57396382272347 3.6445253551685432E-6 11.74473827853399 3.004658826011991E-6 7.657437228916022E-5
-131.91439186340642 3.3781943014583127E-6 11.68637612100882 7.188078994402987E-6 7.342913121982341E-5
-131.2548199040894 3.1227294706565748E-6 11.629273055741809 1.092886458847667E-5 7.008864738434326E-5
-130.59524794477238 2.8775451403990214E-6 11.573627282821619 1.4216775122886165E-5 6.659324518691072E-5
-129.93567598545533 2.6421292782503992E-6 11.519586361335744 1.7049665432130058E-5 6.298209989154744E-5
-129.2761040261383 2.416123873568757E-6 11.467236219866862 1.943333752964964E-5 5.929252967997244E-5
-128.61653206682126 2.1993779834915556E-6 11.416591963210596 2.1381171294636116E-5 5.555940375175867E-5
-127.95696010750424 1.9919699177936976E-6 11.367590419294304 2.291354424483806E-5 5.181468051890556E-5
-127.29738814818721 1.7941985561540723E-6 11.320084155165144 2.4057057975770384E-5 4.808708389176568E-5
-126.63781618887018 1.6065471690544641E-6 11.273836611868678 2.484359567435971E-5 4.440191950939255E-5
-125.97824422955314 1.429625878526207E-6 11.228518098504788 2.5309241186520992E-5 4.078102679871574E-5
-125.3186722702361 1.264100726780439E-6 11.183702669552442 2.5493095193752435E-5 3.724285720363863E-5
-124.65910031091907 1.1106180432358925E-6 11.138866413398526 2.543602792684991E-5 3.38026640303533E-5
-123.99952835160205 9.69732402500452E-7 11.093388442234922 2.5179410349766334E-5 3.0472785301290815E-5
-123.33995639228502 8.418450957927842E-7 11.046556938639483 2.4763866765565043E-5 2.7262997944173615E-5
-122.68038443296798 7.271579746860223E-7 10.997583996646625 2.4228091266125363E-5 2.418091966875628E-5
-122.02081247365095 6.256451284057721E-7 10.945634584057732 2.3607768361720894E-5 2.123243405385207E-5
-121.36124051433391 5.370425047480722E-7 10.889876322668059 2.2934634538222233E-5 1.842211468333224E-5
-120.70166855501688 4.6085362020138823E-7 10.829556902338574 2.2235712509588276E-5 1.5753625583242672E-5
-120.04209659569986 3.963681744309261E-7 10.764112909924808 2.1532743726996465E-5 1.3230077628330385E-5
-119.38252463638283 3.426898070596169E-7 10.693305113313691 2.0841837488543165E-5 1.085432386769775E-5
-118.72295267706579 2.9876938899012617E-7 10.617359205936266 2.0173347022549935E-5 8.629180695007683E-6
-118.06338071774876 2.6344097551020074E-7 10.53707071116801 1.9531974483570202E-5 6.55756625933041E-6
-117.40380875843172 2.3545861787903605E-7 10.453819635126607 1.891709821623278E-5 4.64255226240245E-6
-116.74423679911469 2.1353334196944488E-7 10.369452034943773 1.8323307232056375E-5 2.887330092372212E-6
-116.08466483979765 1.9637047579117608E-7 10.286030738738415 1.7741119930806316E-5 1.2950968809149752E-6
-115.42509288048063 1.827079262498333E-7 10.205517934714498 1.715785698915691E-5 -1.3112867114136089E-7
-114.7655209211636 1.7135585987118803E-7 10.129487616543429 1.6558632318104994E-5 -1.3887471642842102E-6
-114.10594896184656 1.6123755159348244E-7 10.058948118633289 1.592742130143646E-5 -2.4758595713820875E-6
-113.44637700252953 1.5143007603335786E-7 9.994298261271755 1.5248162368066097E-5 -3.3915699089243763E-6
-112.7868050432125 1.412022739171363E-7 9.935385727169459 1.4505846462638966E-5 -4.136289745089568E-6
-112.12723308389546 1.3004633551199864E-7 9.881611499067056 1.3687549240207935E-5 -4.712024601604724E-6
-111.46766112457844 1.176987042437315E-7 9.832028374015168 1.2783362834472988E-5 -5.122623108015722E-6
-110.8080891652614 1.0414605759514252E-7 9.78539722092738 1.1787187779343702E-5 -5.373971502407566E-6
-110.14851720594437 8.961299709419578E-8 9.740175481363375 1.069735097747467E-5 -5.474118654089792E-6
-109.48894524662734 7.452975757658062E-8 9.694408585204645 9.517022320920471E-6 -5.433320084855956E-6
-108.8293732873103 5.9480556503123964E-8 9.64546703534413 8.254410434748352E-6 -5.263993329991129E-6
-108.16980132799327 4.513583935088362E-8 9.589497111744306 6.922726742406325E-6 -4.980581226138424E-6
-107.51022936867625 3.217423665320651E-8 9.520264877925964 5.539916312006149E-6 -4.599324144324543E-6
-106.85065740935921 2.1202101371601953E-8 9.426578574892872 4.12816337964773E-6 -4.1379465982671445E-6
-106.19108545004218 1.2679652343718694E-8 9.28617262073236 2.7131886916491104E-6 -3.6152678487963492E-6
-105.53151349072515 6.862731314951326E-9 9.051650579308298 1.3233644959394074E-6 -3.0507499032538373E-6
-104.87194153140811 3.767873661850983E-9 8.63777014227196 -1.1319206050262462E-8 -2.4639995026595923E-6
-104.21236957209108 3.165878820710808E-9 8.050345332147891 -1.2603969813527378E-6 -1.874243153199158E-6
-103.55279761277404 4.605624971818889E-9 7.568950121664138 -2.394133644883823E-6 -1.2997958811910483E-6
-102.89322565345702 7.465948310774188E-9 7.2917506241371015 -3.3847447544701286E-6 -7.575450956378342E-7
-102.23365369413999 1.1029550086236724E-8 7.133867304919897 -4.207581937191392E-6 -2.624706980324026E-7
-101.57408173482295 1.4569679196568427E-8 7.035901156168542 -4.842233589544147E-6 1.7277860801566447E-7
-100.91450977550592 1.743827554830634E-8 6.969855625723296 -5.273494000141806E-6 5.382349334248588E-7
-100.25493781618889 1.9143713909138853E-8 6.922134953353045 -5.4921583619502276E-6 8.268717545090786E-7
-99.59536585687185 1.9407413232164497E-8 6.885457299280536 -5.495607327772528E-6 1.0347639657557413E-6
-98.93579389755483 1.819128122249384E-8 6.85542381075955 -5.288152502189826E-6 1.1611400865745377E-6
-98.2762219382378 1.5691914970853082E-8 6.828895846683223 -4.881123275512995E-6 1.2083237048616906E-6
-97.61664997892076 1.2302140768968195E-8 6.802968092918442 -4.292685355367131E-6 1.1815658266852975E-6
-96.95707801960373 8.545186358766641E-9 6.773772077083725 -3.54739186223609E-6 1.0887743433380244E-6
-96.2975060602867 4.990841244764802E-9 6.733650127141629 -2.675478520643492E-6 9.40151128763616E-7
-95.63793410096966 2.1657523101125326E-9 6.65975351765812 -1.7119248790363854E-6 7.477511546670136E-7
-94.97836214165264 4.710699183883481E-10 6.42485603045522 -6.953132132859724E-7 5.249812909220347E-7
-94.3187901823356 1.1979594341553212E-10 4.638987716442463 3.3347458508206997E-7 2.860590023779278E-7
-93.65921822301857 1.1034663478279228E-9 3.964068236631169 1.3326746246643085E-6 4.5452851232516446E-8
-92.99964626370154 3.1935855527099965E-9 3.8493615413162185 2.261120159415568E-6 -1.8267250752223623E-7
-92.3400743043845 5.9781123392932E-9 3.8056140243313443 3.079725819488556E-6 -3.849843232671543E-7
-91.68050234506747 8.928024117462928E-9 3.784598781662929 3.7529191822002E-6 -5.49461343522544E-7
-91.02093038575043 1.1484347651172012E-8 3.774576540607857 4.249962895166311E-6 -6.658056221180133E-7
-90.36135842643341 1.3152753023682566E-8 3.7716646485371754 4.546113785061075E-6 -7.257699827532547E-7
-89.70178646711638 1.3591390023004605E-8 3.7747765683203465 4.623570786747709E-6 -7.233880892451008E-7
-89.04221450779934 1.2678356517635025E-8 3.7845261451580914 4.472170937780346E-6 -6.550981215397038E-7
-88.38264254848231 1.0547963692870876E-8 3.8035668542821757 4.089801850186831E-6 -5.197554677297552E-7
-87.72307058916527 7.589425046665466E-9 3.838761848967689 3.482509669104484E-6 -3.1853443019922904E-7
-87.06349862984824 4.407102359538632E-9 3.9094382528028486 2.6642931686620425E-6 -5.472351322915647E-8
-86.40392667053122 1.7471785657514657E-9 4.089526438892472 1.656586884038702E-6 2.665767813769058E-7
-85.74435471121419 4.007306936603761E-10 4.848989034001455 4.874485682052707E-7 6.388407570373137E-7
-85.08478275189715 1.096863968822394E-9 6.1554605173467944 -8.095216893120822E-7 1.0545726175156344E-6
-84.42521079258012 4.401263274232759E-9 6.470603861854701 -2.196492112109105E-6 1.5058108288348843E-6
-83.76563883326308 1.063494053987032E-8 6.571566911079667 -3.632891124334186E-6 1.9846607998312498E-6
-83.10606687394605 1.9825173004757747E-8 6.6165728184003285 -5.077023667405919E-6 2.4838338786018695E-6
-82.44649491462901 3.169604685862357E-8 6.638800950506565 -6.487748898093757E-6 2.9971705024141477E-6
-81.786922955312 4.570033727352152E-8 6.648888232779102 -7.826152302253916E-6 3.5201260668387925E-6
-81.12735099599496 6.10885433992748E-8 6.651058882144773 -9.057143859822682E-6 4.05019964133742E-6
-80.46777903667792 7.70056748576105E-8 6.647127458434604 -1.0150915122207685E-5 4.587287967979811E-6
-79.80820707736089 9.260267339749077E-8 6.637809343208509 -1.1084191918637741E-5 5.133950114025738E-6
-79.14863511804386 1.0714773431038836E-7 6.623239197019812 -1.1841225797825762E-5 5.695571560187983E-6
-78.48906315872682 1.201235176582929E-7 6.603215210300526 -1.2414476041713796E-5 6.280420223547252E-6
-77.8294911994098 1.312991771127424E-7 6.577346562937214 -1.2804944872371713E-5 6.899590756894222E-6
-77.16991924009277 1.407707803667945E-7 6.545179989030598 -1.302214094143184E-5 7.566837247401222E-6
-76.51034728077573 1.4896924626183068E-7 6.50634497823341 -1.308365990412967E-5 8.298297978353046E-6
-75.8507753214587 1.566404006478742E-7 6.460735979935194 -1.3014385342986013E-5 9.11211905026419E-6
-75.19120336214166 1.6480615798477182E-7 6.4087237334637335 -1.2845327990144753E-5 1.0027986239633195E-5
-74.53163140282463 1.747183206606688E-7 6.351349090778171 -1.2612135556521498E-5 1.1066576389704456E-5
-73.8720594435076 1.8781650594791671E-7 6.290412054133409 -1.2353318970238552E-5 1.2248940801179237E-5
-73.21248748419058 2.0569912590308747E-7 6.228360627663353 -1.2108252941729843E-5 1.3595833482955332E-5
-72.55291552487354 2.3011148389544762E-7 6.167946042226454 -1.1915019040258592E-5 1.5126996741291236E-5
-71.8933435655565 2.629486768591018E-7 6.111731141208141 -1.1808167483006594E-5 1.6860415478198135E-5
-71.23377160623947 3.062642124915671E-7 6.0616327308127484 -1.18164792817526E-5 1.881154983127306E-5
-70.57419964692244 3.6226936002960527E-7 6.018662097405544 -1.1960813035595475E-5 2.0992553547721886E-5
-69.9146276876054 4.3330453619464646E-7 5.982914568832095 -1.2252120379084012E-5 2.3411482912828923E-5
-69.25505572828838 5.217635486701188E-7 5.95374449932944 -1.2689710880958396E-5 2.607149833969831E-5
-68.59548376897135 6.299549324810863E-7 5.930017066540062 -1.3259841139609892E-5 2.8970058085479E-5
-67.93591180965431 7.598920249975219E-7 5.910348215699152 -1.3934694146489279E-5 3.209810120896946E-5
-67.27633985033728 9.130143250007437E-7 5.893287324525433 -1.4671803999600914E-5 3.543921504448078E-5
-66.61676789102025 1.08985597612521E-6 5.87743262623291 -1.5413968147721348E-5 3.896878134197394E-5
-65.95719593170321 1.2896913448873592E-6 5.861488370009198 -1.6089675010555404E-5 4.2653094996258025E-5
-65.29762397238619 1.5102008045006383E-6 5.844278744420976 -1.66140595852863E-5 4.644845010509559E-5
-64.63805201306916 1.7472101602291573E-6 5.824732701070555 -1.6890384088012608E-5 5.030019006275691E-5
-63.97848005375212 1.9945631121751723E-6 5.801850255904522 -1.6812025374474692E-5 5.414172156421981E-5
-63.31890809443509 2.2441867449402695E-6 5.77465684495278 -1.6264936414170078E-5 5.7893496763222886E-5
-62.65933613511805 2.4864050114196283E-6 5.742148793290294 -1.5130535997220223E-5 6.146197332927815E-5
-61.999764175801026 2.7105451570230884E-6 5.703230224516638 -1.3288969621203241E-5 6.473856865928838E-5
-61.34019221648399 2.905868485525607E-6 5.656639974500427 -1.0622675544454822E-5 6.75986318295484E-5
-60.68062025716696 3.062841991451378E-6 5.600866800062937 -7.020183619626508E-6 6.990046478168092E-5
-60.02104829784993 3.1747538205755753E-6 5.534053950751952 -2.380070942259713E-6 7.148443242364639E-5
-59.361476338532896 3.2396659970806764E-6 5.45390389466816 3.385002347554073E-6 7.217220945958954E-5
-58.70190437921586 3.2626947507697356E-6 5.357619054374135 1.0344251623455492E-5 7.176621946994977E-5
-58.04233241989883 3.258613676108469E-6 5.241969434806419 1.854479036963832E-5 7.004932866089518E-5
-57.3827604605818 3.2547882551357887E-6 5.103676258575938 2.8007779256140692E-5 6.67848623971758E-5
-56.723188501264765 3.2944709042085453E-6 4.940407319202686 3.872475487883092E-5 6.171701674577848E-5
-56.06361654194773 3.440510989769647E-6 4.752585920372274 5.065418056772616E-5 5.4571739432857266E-5
-55.4040445826307 3.779560016876761E-6 4.545481330691281 6.371824991604594E-5 4.505815454079371E-5
-54.74447262331367 4.426873038901427E-6 4.329727481854716 7.77999615777615E-5 3.287060268475147E-5
-54.084900663996635 5.531817219300168E-6 4.118472311958341 9.274047206435016E-5 1.7691363118436758E-5
-53.42532870467961 7.284191436461905E-6 3.922536405840251 1.0833672238489402E-4 -8.058838875652555E-7
-52.76575674536257 9.921431898041088E-6 3.7474395735643924 1.243393250300078E-4 -2.2951806999454967E-5
-52.10618478604554 1.3736724955906092E-5 3.5938164841958287 1.4045069055750763E-4 -4.907635243436847E-5
-51.44661282672851 1.9087969713229314E-5 3.45948747105432 1.5632336836903733E-4 -7.950283389981549E-5
-50.78704086741148 2.6407433498457003E-5 3.341291485312613 1.7155857453965355E-4 -1.1454118521539539E-4
-50.12746890809444 3.621183130109485E-5 3.2361070321506684 1.857048810140863E-4 -1.544803976707976E-4
-49.467896948777415 4.911244915610763E-5 3.14125097737392 1.9825704520982885E-4 -1.9958018644394284E-4
-48.80832498946038 6.58248393373141E-5 3.054553807493283 2.086549670074522E-4 -2.500619537356476E-4
-48.14875303014335 8.71775643376434E-5 2.97430541663625 2.1628277104420395E-4 -3.060991401037569E-4
-47.48918107082632 1.1411948219126642E-4 2.8991657701725924 2.2046802577980584E-4 -3.678070791828169E-4
-46.829609111509285 1.4772517411710718E-4 2.8280782988621045 2.2048112644800356E-4 -4.3523249391081456E-4
-46.17003715219225 1.891983419591288E-4 2.760197871558592 2.1553488608068295E-4 -5.083427938956175E-4
-45.510465192875216 2.3987336873711185E-4 2.6948348031638663 2.0478439651838262E-4 -5.870153529956271E-4
-44.85089323355819 3.0121575501715006E-4 2.6314128728869743 1.873272388361364E-4 -6.710269629424995E-4
-44.191321274241155 3.7482282072924864E-4 2.5694386028549356 1.6220413899637132E-4 -7.600436723312108E-4
-43.53174931492412 4.6242688717972014E-4 2.5084792919211356 1.2840017884594053E-4 -8.536112300391582E-4
-42.87217735560709 5.659041021643985E-4 2.448147802422044 8.484668387385256E-5 -9.511463576920024E-4
-42.21260539629006 6.872930995055804E-4 2.3880925997372575 3.04239165623667E-5 -0.0010519290768432775
-41.553033436973024 8.288287319748237E-4 2.3279919655478967 -3.6035293086747596E-5 -0.0011550963128616552
-40.893461477656 9.92997104887889E-4 2.267551629455429 -1.15740850845626E-4 -0.0012596369890201739
-40.23388951833896 0.0011826189730343216 2.206505292214594 -2.0993951476400784E-4 -0.0013643888109765993
-39.57431755902193 0.0014009691414375348 2.1446176507020844 -3.19907718797136E-4 -0.0014680369238573023
-38.9147455997049 0.0016519397210891177 2.081689579995901 -4.4694301821139284E-4 -0.0015691146017697767
-38.255173640387866 0.0019402548270143153 2.017565079580182 -5.923540982411096E-4 -0.0016660061031353779
-37.59560168107083 0.0022717434716630564 1.9521394497975475 -7.574493199919232E-4 -0.0017569517952260203
-36.9360297217538 0.0026536759260507286 1.885367943724841 -9.435238151950736E-4 -0.0018400556182639326
-36.27645776243677 0.00309516664864949 1.8172738725147255 -0.0011518451832655502 -0.0019132949240363451
-35.616885803119736 0.0036076440108269454 1.7479548921778036 -0.0013836378891458826 -0.0019745326868753172
-34.9573138438027 0.004205383516613898 1.677586059165808 -0.0016400665073769488 -0.0020215320467861075
-34.297741884485674 0.004906097113376269 1.6064183167089094 -0.0019222180053263523 -0.0020519731062193093
-33.63816992516864 0.0057315666604568745 1.5347714480328012 -0.002231083305004917 -0.0020634718642188517
-32.978597965851606 0.006708304857063694 1.463021222468866 -0.002567538406829467 -0.002053601135162346
-32.31902600653458 0.007868222164579301 1.3915813756769921 -0.002932325398441827 -0.002019913264728359
-31.659454047217544 0.00924927376167735 1.320882007085757 -0.0033260337057065188 -0.001959964423705736
-30.999882087900513 0.010896056632390625 1.2513466916968472 -0.0037490819698067835 -0.001871340231364897
-30.34031012858348 0.012860323799315624 1.1833708734052486 -0.004201700952613712 -0.001751682434818027
-29.680738169266448 0.015201380751536929 1.11730384725276 -0.004683917881081551 -0.0015987163494957284
-29.021166209949413 0.017986328518184724 1.0534359321485365 -0.005195542639437686 -0.0014102787488538416
-28.361594250632383 0.021290118786789235 0.9919914988083427 -0.005736156204780091 -0.001184345878894968
-27.70202229131535 0.02519538907151461 0.9331276052458062 -0.006305101697082384 -9.190612651420692E-4
-27.042450331998317 0.02979205022564094 0.8769373048451605 -0.006901478378586296 -6.127629763447332E-4
-26.382878372681287 0.03517660449842092 0.8234563229637715 -0.007524138890540728 -2.6401001035064044E-4
-25.723306413364256 0.041451179697709346 0.7726717336487088 -0.008171689957983803 1.2839252692090647E-4
-25.06373445404722 0.04872227358680398 0.7245314263302198 -0.008842496726868905 5.653697688356018E-4
-24.40416249473019 0.05709921208995209 0.6789534296799431 -0.009534690823736838 0.0010475552676835207
-23.74459053541316 0.06669233481999495 0.6358344662722146 -0.010246182148063165 0.001575271295548136
-23.085018576096125 0.0776109314509284 0.5950573872998373 -0.010974674323335296 0.0021485115351671338
-22.425446616779094 0.08996096210411185 0.5564973521104726 -0.011717683647016036 0.002766926406549737
-21.76587465746206 0.10384260378159613 0.5200267666517391 -0.012472561294140606 0.003429811249670943
-21.10630269814503 0.11934767258740372 0.4855190855980762 -0.013236518446761558 0.004136097556033254
-20.446730738828 0.13655697771561884 0.4528516282796051 -0.014006653944186548 0.004884347412612855
-19.787158779510964 0.15553766772277847 0.4219075724421 -0.014779983979268812 0.005672751291010498
-19.127586820193933 0.17634063230392652 0.39257728420813365 -0.015553473306079677 0.00649912928279671
-18.4680148608769 0.19899802361595229 0.3647591263380434 -0.016324067376085147 0.007360935849339386
-17.808442901559868 0.2235209601895192 0.33835986614116464 -0.017088724785140744 0.008255268121056675
-17.148870942242837 0.2498974737740427 0.3132947830001598 -0.017844449393563753 0.009178877747253693
-16.489298982925803 0.27809075526399624 0.28948755559864203 -0.018588321477195583 0.01012818626365586
-15.829727023608772 0.30803775039650033 0.2668699916059101 -0.019317527279270167 0.011099303910607846
-15.17015506429174 0.33964814944488203 0.24538164808746465 -0.020029386361138202 0.012088051800818043
-14.510583104974707 0.37280380791111434 0.22496937918774584 -0.020721376194086566 0.013089987301648192
-13.851011145657676 0.4073586274666788 0.2055868383811017 -0.02139115349379057 0.014100432463437644
-13.191439186340643 0.44313891829081214 0.18719395543817186 -0.02203657187205734 0.015114505292392416
-12.53186722702361 0.4799442556416503 0.1697564028297034 -0.022655695465745005 0.016127153634365524
-11.87229526770658 0.5175488350526841 0.15324506223974943 -0.023246808297989797 0.017133191404645722
-11.212723308389547 0.5557033220115964 0.13763549888216886 -0.02380841922972404 0.01812733686893219
-10.553151349072515 0.5941371833556349 0.12290744915516605 -0.02433926246725542 0.01910425265231914
-9.893579389755482 0.6325614788963391 0.10904432562243116 -0.0248382937015403 0.02005858712670396
-9.23400743043845 0.6706720829617776 0.09603274221334246 -0.025304682063765235 0.02098501680295995
-8.574435471121419 0.7081532966382812 0.08386206176157884 -0.025737798186965023 0.021878289332909317
-7.914863511804386 0.744681802574608 0.07252396745518297 -0.02613719876174725 0.022733266708046568
-7.255291552487353 0.7799309054086434 0.06201205937968979 -0.02650260806299341 0.0235449682275649
-6.595719593170322 0.8135749923886759 0.05232147704778711 -0.02683389700114836 0.024308612797997772
-5.93614763385329 0.8452941408545199 0.043448548587818436 -0.02713106031417239 0.025019660121160175
-5.276575674536257 0.8747787922445389 0.035390467085562705 -0.027394192562584886 0.025673850326483415
-4.617003715219225 0.9017344065702861 0.028144994424257774 -0.02762346361887059 0.026267241608662097
-3.957431755902193 0.9258860072351471 0.02171019283880149 -0.02781909435293555 0.026796245442082874
-3.297859796585161 0.9469825240369487 0.016084184288022385 -0.027981333206876666 0.02725765896001312
-2.6382878372681287 0.9648008425105173 0.011264937653464813 -0.028110434325191783 0.027648694109121793
-1.9787158779510965 0.9791494706789811 0.007250083695229392 -0.028206637861345783 0.027967003218606477
-1.3191439186340643 0.989871739929425 0.004036757636855626 -0.028270153019484694 0.02821070065790069
-0.6595719593170322 0.9968484651172176 0.0016214692133385 -0.028301144312687813 0.02837838029739904
0.0 1.0 0.0 -0.028299721428544235 0.028469128532486034
0.6595719593170322 0.9992876374289514 -8.326721551750182E-4 -0.028265932991481765 0.028482532681877407
1.3191439186340643 0.9947143189685728 -8.824217479510565E-4 -0.028199764401926813 0.02841868462622797
1.9787158779510965 0.9863246352488845 -1.5599739199245732E-4 -0.02810113981801148 0.028278179611362395
2.6382878372681287 0.9742041157618478 0.001338983199575594 -0.027969928229315016 0.028062110201442537
3.297859796585161 0.9584778243338268 0.003594065047773043 -0.027805953457200366 0.027772055429927098
3.957431755902193 0.9393082934656319 0.006600014662533127 -0.02760900780584183 0.027410065259230967
4.617003715219225 0.9168928464909367 0.010346905917611338 -0.027378868985050223 0.026978640522443875
5.276575674536257 0.8914603704925844 0.014824233347342286 -0.02711531983329625 0.026480708581170555
5.93614763385329 0.8632676146676004 0.02002105328142889 -0.02681817028941907 0.025919594991368224
6.595719593170322 0.8325950980055974 0.025926153364688176 -0.02648728099653491 0.0252989915228621
7.255291552487353 0.7997427165429069 0.032528251162965205 -0.02612258787334691 0.02462292092696454
7.914863511804386 0.7650251440214012 0.03981622274529428 -0.02572412695765571 0.02389569888933229
8.574435471121419 0.7287671205984368 0.047779362369965384 -0.025292058815119655 0.02312189364102015
9.23400743043845 0.6912987225234446 0.05640767470753261 -0.0248266918134379 0.022306283728902726
9.893579389755482 0.6529507017129934 0.06569220142970877 -0.024328503587820623 0.021453814466685577
10.553151349072515 0.614049978279642 0.07562538450831191 -0.023798160067052567 0.02056955359922108
11.212723308389547 0.574915361693879 0.08620146923653316 -0.023236531489343203 0.019658646715590457
11.87229526770658 0.5358535677784197 0.09741695084687585 -0.02264470491174531 0.018726272940401256
12.53186722702361 0.4971555895210597 0.10927106970463818 -0.022023992804076443 0.017777601418175505
13.191439186340643 0.4590934700712161 0.12176636146161002 -0.021375937415539045 0.01681774908294002
13.851011145657676 0.42191751652201565 0.1349092703325372 -0.020702310706895197 0.015851740174747088
14.510583104974707 0.38585398337460164 0.14871083589384426 -0.02000510975023726 0.014884467927570692
15.17015506429174 0.35110324507162755 0.1631874666067894 -0.019286547609143872 0.013920658809720316
15.829727023608772 0.31783846775556635 0.1783618167684633 -0.01854903982136394 0.012964839649581214
16.489298982925803 0.2862047814974135 0.19426378795856003 -0.017795186711254986 0.012021307927224093
17.148870942242837 0.2563189456721599 0.21093168148257746 -0.017027751857308895 0.011094105457378624
17.808442901559868 0.22826949194366541 0.2284135350655916 -0.016249637128761124 0.010186995632631472
18.4680148608769 0.2021173214887745 0.246768685432329 -0.015463854782336715 0.009303444338674614
19.127586820193933 0.17789672568862136 0.2660696087821144 -0.014673497173839558 0.00844660459716371
19.787158779510964 0.15561679262589137 0.28640410394232063 -0.013881704688146522 0.007619304937344197
20.446730738828 0.13526315546674736 0.3078778985850903 -0.013091632524269554 0.006824041446083265
21.10630269814503 0.11680003332197995 0.3306177776758652 -0.0123064169889934 0.006062973398204063
21.76587465746206 0.1001725106419857 0.35477535540184846 -0.011529141953142405 0.005337922325824855
22.425446616779094 0.08530899778007305 0.380531636724438 -0.010762806109178428 0.004650374347370741
23.085018576096125 0.07212381322525713 0.40810254066325236 -0.01001029163841721 0.004001485544509492
23.74459053541316 0.06051982729911232 0.437745580163746 -0.009274334851886081 0.0033920901487423123
24.40416249473019 0.050391107928360386 0.46976790376149147 -0.008557499312301932 0.0028227112788828503
25.06373445404722 0.04162551148481767 0.5045358839732685 -0.007862151877673003 0.00229357395612938
25.723306413364256 0.034107165598995084 0.5424863516204841 -0.0071904420317054525 0.001804620114681989
26.382878372681287 0.027718796202529858 0.5841393601115517 -0.006544284784763815 0.001355525322535947
27.042450331998317 0.0223438576660206 0.630111905388576 -0.005925347343927366 9.457169287386061E-4
27.70202229131535 0.017868432536274563 0.6811311325628822 -0.005335039664050267 5.743933594686596E-4
28.361594250632383 0.014182875751205241 0.738043921906991 -0.00477450890597732 2.405442951539035E-4
29.021166209949413 0.011183186995333369 0.8018169305351872 -0.004244637745372877 -5.7028526198991196E-5
29.680738169266448 0.008772103709537947 0.8735167041472209 -0.0037460463980054765 -3.19690118932223E-4
30.34031012858348 0.006859915842415815 0.9542532755919755 -0.0032790981565786127 -5.48950895339794E-4
30.999882087900513 0.005365011405600607 1.0450641449840727 -0.0028439081718291716 -7.464453512871108E-4
31.659454047217544 0.004214168988730116 1.1467138234648786 -0.0024403551578397317 -9.1391097771364E-4
32.31902600653458 0.003342619371961594 1.259398610090857 -0.0020680956592191847 -0.001053167565562061
32.978597965851606 0.0026939030794543516 1.3823926394516732 -0.0017265804865419104 -0.001166097053976012
33.63816992516864 0.002219554050406421 1.5137526541768231 -0.00141507290641055 -0.0012546240548966974
34.297741884485674 0.0018786415404040185 1.650272199023103 -0.0011326681635921746 -0.0013206971717342367
34.9573138438027 0.0016372029481161962 1.787842864305059 -8.78313914442398E-4 -0.0013662712157475427
35.616885803119736 0.0014675995942378937 1.9221808432621064 -6.50831162553347E-4 -0.0013932904111912377
36.27645776243677 0.001347825714562896 2.049630763481389 -4.489353082768369E-4 -0.001403672669130459
36.9360297217538 0.0012607982580683048 2.167700980972457 -2.7125695230941773E-4 -0.0013992949999495667
37.59560168107083 0.0011936517185460178 2.2751772074177303 -1.1636212855481857E-4 -0.0013819801257758974
38.255173640387866 0.001137058399163472 2.3719068141365547 1.7228318438724515E-5 -0.0013534843460357045
38.9147455997049 0.001084590434844125 2.4584497118394406 1.3102045252512984E-4 -0.0013154867018459562
39.57431755902193 0.0010321357845061007 2.5357498141344266 2.265302568502332E-4 -0.0012695794775943177
40.23388951833896 9.773764371865093E-4 2.604894069715728 3.0526808564420866E-4 -0.0012172600705419492
40.893461477656 9.193334055053807E-4 2.6669635397781803 3.6872466045459446E-4 -0.0011599242512936466
41.553033436973024 8.579798245431364E-4 2.7229549462728446 4.183586708608645E-4 -0.001098860829250619
42.21260539629006 7.939207152303354E-4 2.773747823877299 4.555859993328501E-4 -0.0010352477274837824
42.87217735560709 7.281357540394373E-4 2.8200978616597094 4.817705535386349E-4 -9.701494607009712E-4
43.53174931492412 6.617797270074929E-4 2.8626436869353036 4.982166577807317E-4 -9.045159980732416E-4
44.191321274241155 5.960342185092325E-4 2.901919583904398 5.061629288273918E-4 -8.391829796633492E-4
44.85089323355819 5.320034522845674E-4 2.9383701086186207 5.067775404910947E-4 -7.748732411865394E-4
45.510465192875216 4.7064700429729747E-4 2.9723646489918174 5.01154765945182E-4 -7.121995870383957E-4
46.17003715219225 4.1274227217095647E-4 3.0042111552505517 4.903126768339203E-4 -6.516687362410096E-4
46.829609111509285 3.588700359754597E-4 3.0341688946295466 4.751918734033698E-4 -5.93686350551994E-4
47.48918107082632 3.094171008192598E-4 3.0624604012717604 4.566551196934361E-4 -5.385630388764263E-4
48.14875303014335 2.645907974770482E-4 3.089282940744315 4.3548776168633307E-4 -4.865212177865154E-4
48.80832498946038 2.2444096496004764E-4 3.114819869319975 4.123988135129355E-4 -4.3770269487901494E-4
49.467896948777415 1.8888589038562774E-4 3.1392522845771875 3.8802260661890443E-4 -3.9217683037919584E-4
50.12746890809444 1.5773949033670324E-4 3.162771356659226 3.629209084051878E-4 -3.4994912330767354E-4
50.78704086741148 1.3073775013730497E-4 3.185591705004816 3.375854294999284E-4 -3.1097006209687564E-4
51.44661282672851 1.075630713076712E-4 3.2079661389881764 3.1244065174782025E-4 -2.7514407615126136E-4
52.10618478604554 8.786570227530822E-5 3.2302019973494946 2.878469215335157E-4 -2.4233842478438625E-4
52.76575674536257 7.128184216855233E-5 3.252679171062516 2.641037645931253E-4 -2.1239186343564764E-4
53.42532870467961 5.744831875304795E-5 3.2758696260925753 2.414533885192209E-4 -1.851229341619434E-4
54.084900663996635 4.601396122769557E-5 3.3003577696675936 2.200843473592982E-4 -1.6033773808913913E-4
54.74447262331367 3.664793180134931E-5 3.326860182664218 2.0013534879892992E-4 -1.378370616493813E-4
55.4040445826307 2.904536301056364E-5 3.3562418431873198 1.8169918829612954E-4 -1.1742274575620154E-4
56.06361654194773 2.2930686338645702E-5 3.3895236597928093 1.6482679620238917E-4 -9.89032071970461E-5
56.723188501264765 1.8059045729776503E-5 3.4278725226844866 1.4953138350164039E-4 -8.209804396379486E-5
57.3827604605818 1.4216178247921158E-5 3.472559958594692 1.3579266955667354E-4 -6.684168041381435E-5
58.04233241989883 1.1217121565549127E-5 3.5248695610551266 1.2356117150142605E-4 -5.298603340089956E-5
58.70190437921586 8.904079387296487E-6 3.5859299372161235 1.1276253005268545E-4 -4.0402206126358E-5
59.361476338532896 7.143744006090325E-6 3.656457124875889 1.0330184098173311E-4 -2.8981241694069773E-5
60.02104829784993 5.824340793200908E-6 3.736421681349194 9.506795575330895E-5 -1.863399246328236E-5
60.68062025716696 4.852622314011599E-6 3.82472033514631 8.793770937846476E-5 -9.290183552636861E-6
61.34019221648399 4.1509994169947734E-6 3.919009785331479 8.178002878682367E-5 -8.967685786403543E-7
61.999764175801026 3.6549528949383755E-6 4.0158775928773505 7.645987141136815E-5 6.584307697873072E-6
62.65933613511805 3.310822786412662E-6 4.111399637492436 7.184194153992296E-5 1.3178812209147217E-5
63.31890809443509 3.0740246741120816E-6 4.201901376917773 6.779413159355984E-5 1.8903255418001265E-5
63.97848005375212 2.9076959587528514E-6 4.284595692589033 6.419063702431819E-5 2.376811113014484E-5
64.63805201306916 2.781733174665934E-6 4.357861382551549 6.091469707133855E-5 2.7781083183970888E-5
65.29762397238619 2.6721472615667383E-6 4.421157625162882 5.786091916234733E-5 3.095028230647433E-5
65.95719593170321 2.5606402468441744E-6 4.474731590087606 5.493715219023272E-5 3.3287185109021707E-5
66.61676789102025 2.434296079155756E-6 4.519288427777912 5.206588302833361E-5 3.480925987776081E-5
67.27633985033728 2.285281164983798E-6 4.5557212857275164 4.918514119159744E-5 3.5542160052539906E-5
67.93591180965431 2.1104657692020624E-6 4.58492741548678 4.624890814812388E-5 3.5521405526199387E-5
68.59548376897135 1.910903611929518E-6 4.607697265057119 4.322704002947984E-5 3.4793493471400946E-5
69.25505572828838 1.691140196756399E-6 4.62465142383591 4.010472493159848E-5 3.341640357269377E-5
69.9146276876054 1.4583562320285615E-6 4.636201201582551 3.6881508178181123E-5 3.145948651025051E-5
70.57419964692244 1.2213862278587472E-6 4.642512301090454 3.3569930372057786E-5 2.9002748483972333E-5
71.23377160623947 9.896795338180797E-7 4.643452143059889 3.019383334720978E-5 2.6135567658970017E-5
71.8933435655565 7.722881792084078E-7 4.63849642538767 2.678639785184249E-5 2.2954899862147796E-5
72.55291552487354 5.769707072273397E-7 4.6265540704873445 2.3387983596688E-5 1.956304992922197E-5
73.21248748419058 4.0949323340856075E-7 4.60562859071416 2.0043846916176686E-5 1.606510114032643E-5
73.8720594435076 2.7318941331377654E-7 4.572131912804524 1.6801813520454337E-5 1.2566107646046312E-5
74.53163140282463 1.688126403267535E-7 4.519398921082978 1.3709983558347784E-5 9.16816325651657E-6
75.19120336214166 9.46805535971234E-8 4.434199017824007 1.0814543455590585E-5 5.967464168479638E-6
75.8507753214587 4.707839122746213E-8 4.287920584150086 8.157753821508361E-6 3.0514830144851156E-6
76.51034728077573 2.085844657273634E-8 4.01569788755012 5.776175307457511E-6 4.963670674548689E-7
77.16991924009277 1.0151818672604584E-8 3.5137268837717883 3.6991849083597937E-6 -1.6353352898566153E-6
77.8294911994098 9.098567362383797E-9 2.8928588650461684 1.9478241593640474E-6 -3.2965282804150654E-6
78.48906315872682 1.2504526831141203E-8 2.4784255563054067 5.340083852986369E-7 -4.456927005030151E-6
79.14863511804386 1.6346942165127328E-8 2.2537904928834838 -5.398869481394453E-7 -5.103863332830088E-6
79.80820707736089 1.8074704454570567E-8 2.119514835674691 -1.2810601882145002E-6 -5.2425032377546445E-6
80.46777903667792 1.6678899462250017E-8 2.0238625748305985 -1.7059484837872772E-6 -4.895461484660384E-6
81.12735099599496 1.254146178359971E-8 1.9375971630590776 -1.839547258018831E-6 -4.101822141176158E-6
81.786922955312 7.099526009939026E-9 1.8276168938596307 -1.7144192829097366E-6 -2.9155956318923886E-6
82.44649491462901 2.386569227285772E-9 1.5861217824587097 -1.3694386877224965E-6 -1.4036641429526518E-6
83.10606687394605 5.255776080721078E-10 0.3903358273913504 -8.483236450521339E-7 3.5671364558567004E-7
83.76563883326308 3.2525432857800632E-9 -0.6958098666857779 -1.980178095095607E-7 2.28075097833836E-6
84.42521079258012 1.1540489610492659E-8 -0.9063343774542751 5.330153639236466E-7 4.279233760336045E-6
85.08478275189715 2.5376391026466647E-8 -0.986582443529807 1.2965196349706196E-6 6.261763183293169E-6
85.74435471121419 4.371859771804689E-8 -1.028678368961092 2.0461292958920653E-6 8.140024294490016E-6
86.40392667053122 6.463441645766304E-8 -1.0541278501190785 2.7389468661428836E-6 9.830963312618709E-6
87.06349862984824 8.559043667615469E-8 -1.0705293471007824 3.3369585430435015E-6 1.1259759567923119E-5
87.72307058916527 1.038459100376415E-7 -1.0812377867391447 3.808238058653039E-6 1.23624852242604E-5
88.38264254848231 1.1688511270407038E-7 -1.0879269258768325 4.127898532638984E-6 1.3088357162786455E-5
89.04221450779934 1.2282006200806068E-7 -1.0914590443347993 4.278762160128279E-6 1.34015001592871E-5
89.70178646711638 1.2070068705769525E-7 -1.092215173424286 4.251728732420587E-6 1.3282158229200063E-5
90.36135842643341 1.1068452954317332E-7 -1.0901982665647605 4.045835628225112E-6 1.272731109559251E-5
91.02093038575043 9.403991327213986E-8 -1.0849831380560904 3.668013594657742E-6 1.1750674418894586E-5
91.68050234506747 7.298194011796864E-8 -1.0754543359058797 3.1325539262983854E-6 1.0382084917204097E-5
92.3400743043845 5.036584896065606E-8 -1.0590304179093408 2.460313135310338E-6 8.666293976710232E-6
92.99964626370154 2.9283505233744082E-8 -1.0291420632363195 1.6776905098957266E-6 6.661214976779149E-6
93.65921822301857 1.2622992221560056E-8 -0.9642162159800058 8.1542175759142E-7 4.4356895389002085E-6
94.3187901823356 2.656440447937222E-9 -0.7375633572357589 -9.276203985172316E-8 2.0668555168016613E-6
94.97836214165264 7.166970309747415E-10 1.1327343834875627 -1.0115568640904953E-6 -3.627858724029081E-7
95.63793410096966 7.009972247451923E-9 1.7563534175891338 -1.9055343027844486E-6 -2.768495357204554E-6
96.2975060602867 2.0591278287961048E-8 1.8633347288663717 -2.740561031201977E-6 -5.0664978952247545E-6
96.95707801960373 3.950535447735531E-8 1.907126799000915 -3.485136258225843E-6 -7.177143653214482E-6
97.61664997892076 6.107144262735209E-8 1.9318167628572223 -4.111598301613933E-6 -9.027910934666357E-6
98.2762219382378 8.226932317070266E-8 1.9484514346221502 -4.597157354261213E-6 -1.0556140125081821E-5
98.93579389755483 1.0016950798940082E-7 1.9611201672562437 -4.924718901838347E-6 -1.171139762365291E-5
99.59536585687185 1.123444987894929E-7 1.971735686746296 -5.083470847374326E-6 -1.2457382349175732E-5
100.25493781618889 1.1720137947066465E-7 1.98138185980509 -5.0692168429654486E-6 -1.2773304250498728E-5
100.91450977550592 1.1418815466157697E-7 1.9908170358146524 -4.884448252686657E-6 -1.265468370230451E-5
101.57408173482295 1.038453221885773E-7 2.0007279781122698 -4.5381571898777485E-6 -1.2113542013452655E-5
102.23365369413999 8.769731283154442E-8 2.0119346776232714 -4.045402808375202E-6 -1.1177975735300545E-5
102.89322565345702 6.800220103397868E-8 2.0256816248776826 -3.4266521180273184E-6 -9.891130206951474E-6
103.55279761277404 4.739896615116195E-8 2.0442610031445447 -2.7069247108763783E-6 -8.309609977961707E-6
104.21236957209108 2.8506490075742644E-8 2.0727583544167647 -1.914777637055318E-6 -6.501384589941656E-6
104.87194153140811 1.3535232689679102E-8 2.125551729546366 -1.0811720255804731E-6 -4.543266909245532E-6
105.53151349072515 3.9701622703473954E-9 2.264836291023892 -2.382667300892748E-7 -2.5180570935015995E-6
106.19108545004218 3.724147906352638E-10 3.208841868557011 5.818138124409978E-7 -5.114577573612827E-7
106.85065740935921 2.3289855619059572E-9 4.7310455597642225 1.3481902301783233E-6 1.3911254855070093E-6
107.51022936867625 8.557232007995776E-9 4.921615404522591 2.032371783660097E-6 3.1077795082170385E-6
108.16980132799327 1.714744107746689E-8 4.9813323832636005 2.6092906415871548E-6 4.5631565308137355E-6
108.8293732873103 2.5905688514284237E-8 5.00769691054956 3.0581895583647746E-6 5.691310013542776E-6
109.48894524662734 3.274382044873948E-8 5.019361932414494 3.363331862253473E-6 6.438187772770713E-6
110.14851720594437 3.605592141659776E-8 5.021555601956754 3.514509930153165E-6 6.763688951816766E-6
110.8080891652614 3.502222939890237E-8 5.015008030024443 3.507336350449945E-6 6.643207383726492E-6
111.46766112457844 2.9791914206161128E-8 4.997222544141156 3.3433104412664824E-6 6.068602672073097E-6
112.12723308389546 2.1513938962769405E-8 4.96027539084084 3.0296613715759605E-6 5.04856130522466E-6
112.7868050432125 1.2207775669236136E-8 4.880228781374765 2.578977501211336E-6 3.6083325434255123E-6
113.44637700252953 4.489735741797141E-9 4.657559196210098 2.008639403793406E-6 1.7888468574326256E-6
114.10594896184656 1.1925702843598715E-9 3.671186535835332 1.3400810786097353E-6 -3.547524911852321E-7
114.7655209211636 4.932549696069253E-9 2.57288313504219 5.979098468752618E-7 -2.7551123902885227E-6
115.42509288048063 1.76869729328793E-8 2.3233785692131192 -1.9107983967137225E-7 -5.335135115109063E-6
116.08466483979765 4.044464116229578E-8 2.2351176461558975 -9.989601244748162E-7 -8.010816350241261E-6
116.74423679911469 7.298225027013283E-8 2.192632963234466 -1.7977506307570088E-6 -1.0694352423934699E-5
117.40380875843172 1.13802243931365E-7 2.1689515508531816 -2.5604858467069176E-6 -1.329740287897814E-5
118.06338071774876 1.6024490803151304E-7 2.1547438889985955 -3.2622295882413756E-6 -1.5734388340271204E-5
118.72295267706579 2.0876265726036657E-7 2.145964646515365 -3.880999789904224E-6 -1.7925701849662415E-5
119.38252463638283 2.553211652920752E-7 2.1405861139881335 -4.398570857172804E-6 -1.9800714500608415E-5
120.04209659569986 2.958736180278133E-7 2.137483434197936 -4.801125926970598E-6 -2.1300463232812653E-5
120.70166855501688 3.2684362314894476E-7 2.135982816358027 -5.079737413630881E-6 -2.2379919796025658E-5
121.36124051433391 3.455507914688638E-7 2.1356536366073495 -5.230660919251656E-6 -2.300975476792204E-5
122.02081247365095 3.5052098406391114E-7 2.1362020140754403 -5.255434697610871E-6 -2.3177528582844085E-5
122.68038443296798 3.416395799462212E-7 2.1374099173625396 -5.160784105889863E-6 -2.2888262148653152E-5
123.33995639228502 3.2012852024790344E-7 2.1390946019839827 -4.958337588147895E-6 -2.216436205721791E-5
123.99952835160205 2.88353089882715E-7 2.141074725550613 -4.66416744847632E-6 -2.1044898821901477E-5
124.65910031091907 2.494887404984118E-7 2.143133084034398 -4.2981747532816325E-6 -1.9584260158214935E-5
125.3186722702361 2.0709817489766277E-7 2.1449649981510444 -3.883342941524133E-6 -1.7850224208552545E-5
125.97824422955314 1.6468146064608872E-7 2.146096383456401 -3.44488894901287E-6 -1.5921518970707675E-5
126.63781618887018 1.2526523303737493E-7 2.1457455250783344 -3.009343737323815E-6 -1.3884953247358779E-5
127.29738814818721 9.109053953731068E-8 2.142587424003956 -2.603595977927069E-6 -1.1832220497180435E-5
127.95696010750424 6.344345746893275E-8 2.1343689924057543 -2.2539332407498554E-6 -9.856489450854677E-6
128.61653206682126 4.2650491757978334E-8 2.1173726941522304 -1.9851143881658854E-6 -8.048903799196574E-6
129.2761040261383 2.8235150637832104E-8 2.086045418803568 -1.8195050363291288E-6 -6.495117350447658E-6
129.93567598545533 1.9206781152248955E-8 2.0341923320115054 -1.7763050191775687E-6 -5.2719906326258595E-6
130.59524794477238 1.4431513193737417E-8 1.9607527027502911 -1.8708929125188855E-6 -4.444569986066742E-6
131.2548199040894 1.3021262307858038E-8 1.8794059335072344 -2.1143080168179938E-6 -4.063460916501549E-6
131.91439186340642 1.4672408842961046E-8 1.8160664985466024 -2.512884949191441E-6 -4.162694178595844E-6
132.57396382272347 1.989187330772889E-8 1.7864698990106902 -3.06805036690482E-6 -4.758166198221251E-6
133.2335357820405 3.006420058034427E-8 1.7857041099266056 -3.7762855504262546E-6 -5.8467156090109975E-6
133.89310774135754 4.733685446326887E-8 1.8005229487724073 -4.629252829168676E-6 -7.405875572006599E-6
134.55267970067456 7.432893675185528E-8 1.820523049685777 -5.614078340817621E-6 -9.3943179440255E-6
135.21225165999158 1.1369697674194743E-7 1.840174326319591 -6.713778564685857E-6 -1.1752981092590919E-5
135.87182361930863 1.6761610856056787E-7 1.8571859936392787 -7.907813624649063E-6 -1.440684907686896E-5
136.53139557862565 2.3725210428258138E-7 1.8708682065556577 -9.172746654638255E-6 -1.7267326874159422E-5
137.1909675379427 3.223065645669334E-7 1.8811887442442554 -1.0482985662057689E-5 -2.023513514040839E-5
137.85053949725972 4.207126752706439E-7 1.8883249745313773 -1.181158238028663E-5 -2.320362939727156E-5
138.51011145657677 5.285425287260629E-7 1.892470932561352 -1.3131061601412224E-5 -2.606243319051505E-5
139.1696834158938 6.401609269488449E-7 1.893759220938902 -1.4414254420315564E-5 -2.8701263204509537E-5
139.8292553752108 7.486280962599444E-7 1.892229555461876 -1.563510966079283E-5 -3.101381694940707E-5
140.48882733452785 8.463191192904563E-7 1.8878127881812397 -1.6769459423553598E-5 -3.2901590719811326E-5
141.14839929384488 9.256958442065973E-7 1.8803159175375104 -1.7795717095536548E-5 -3.427749715658336E-5
141.80797125316192 9.801420825272235E-7 1.8694003003815123 -1.869548916994428E-5 -3.506915786936631E-5
142.46754321247894 1.0047587609313E-6 1.8545471730880436 -1.945408570884832E-5 -3.522175698075454E-5
143.127115171796 9.970147138261676E-7 1.8350038703468243 -2.006091808795865E-5 -3.470035577073632E-5
143.786687131113 9.5716166271908E-7 1.8097015698993442 -2.050977664361943E-5 -3.349158633240773E-5
144.44625909043003 8.883474685786165E-7 1.7771312391420881 -2.0798984845908445E-5 -3.1604662681557894E-5
145.10583104974708 7.963970880435572E-7 1.7351594846650453 -2.093143050592001E-5 -2.9071670381510452E-5
145.7654030090641 6.892715572414661E-7 1.6807641597958742 -2.0914478161364392E-5 -2.5947119670752844E-5
146.42497496838115 5.762566594372171E-7 1.6096862260064562 -2.0759770059831885E-5 -2.230677149055698E-5
147.08454692769817 4.669693928375177E-7 1.5160797757721571 -2.0482925983235247E-5 -1.8245769868615858E-5
147.7441188870152 3.7029711312035797E-7 1.3925324319935921 -2.0103154461184976E-5 -1.3876137002355477E-5
148.40369084633224 2.933975681740689E-7 1.2315557680778824 -1.9642789663245034E-5 -9.323708328954073E-6
149.06326280564926 2.4088587013231076E-7 1.0305498024832342 -1.912676942074652E-5 -4.724603164815709E-6
149.7228347649663 2.14316572074248E-7 0.8002933122203917 -1.858207041437069E-5 -2.213415395204845E-7
150.38240672428333 2.1203720867214446E-7 0.567969378490929 -1.8037116600902606E-5 4.041270853453048E-6
151.04197868360038 2.294474672153199E-7 0.36382905115567254 -1.7521176489097788E-5 7.920360471637395E-6
151.7015506429174 2.596504736559316E-7 0.20431196918022465 -1.706376397266575E-5 1.1279174508584354E-5
152.36112260223442 2.9443516060073445E-7 0.09084379454992408 -1.669405616381947E-5 1.3991109756174485E-5
153.02069456155147 3.254870494057535E-7 0.018326513769560293 -1.644034012568514E-5 1.594345704905481E-5
153.68026652086849 3.4569410978342384E-7 -0.01832645805347255 -1.632949866329692E-5 1.704074645450866E-5
154.33983848018553 3.5039848055985596E-7 -0.02145121951473783 -1.6386543486134733E-5 1.720759192115061E-5
154.99941043950255 3.384458384763652E-7 0.010349652300069678 -1.663420218170602E-5 1.6390950847689377E-5
155.6589823988196 3.12902197611004E-7 0.0827666223714516 -1.7092563612515394E-5 1.4561733382929008E-5
156.31855435813662 2.8134102219866295E-7 0.2057258650287821 -1.7778784629951057E-5 1.171571753914758E-5
156.97812631745364 2.556480853052339E-7 0.38998808762801573 -1.870685943794405E-5 7.87374865763907E-6
157.6376982767707 2.513425241904283E-7 0.6346713358858391 -1.9887451571169758E-5 3.0812246376091596E-6
158.2972702360877 2.8646432016637573E-7 0.9093720620442678 -2.1327787297248595E-5 -2.5931091440914668E-6
158.95684219540476 3.8012520253296903E-7 1.163125021674686 -2.3031608316143802E-5 -9.059009885287503E-6
159.61641415472178 5.508565968712542E-7 1.363567113098762 -2.499918090404196E-5 -1.6207167444255133E-5
160.27598611403883 8.149107658904414E-7 1.5090439412936067 -2.722735811523702E-5 -2.3912132356795148E-5
160.93555807335585 1.1846774203129906E-6 1.6114327900338914 -2.9709691284376712E-5 -3.203564549245602E-5
161.59513003267287 1.6673673673548524E-6 1.6830460469324802 -3.243658682827373E-5 -4.0430262268206506E-5
162.25470199198992 2.2640886445197114E-6 1.7330538093549013 -3.539550419237464E-5 -4.8943157250121286E-5
162.91427395130694 2.96940214225744E-6 1.7676733204539339 -3.857119068295009E-5 -5.741999175878674E-5
163.573845910624 3.771397292750403E-6 1.791028407765248 -4.194594883500741E-5 -6.570872778537704E-5
164.233417869941 4.65227906145574E-6 1.8058644028546773 -4.5499931856967464E-5 -7.366327602263775E-5
164.89298982925803 5.589410421392101E-6 1.8140305153076017 -4.9211462541667525E-5 -8.114687388810909E-5
165.55256178857508 6.55671446132982E-6 1.816787742805623 -5.30573708255854E-5 -8.803510071712536E-5
166.2121337478921 7.526311060335881E-6 1.8150038998428464 -5.701334490925746E-5 -9.421845137747332E-5
166.87170570720914 8.470247101340203E-6 1.8092785370837436 -6.105429052944215E-5 -9.960440586630537E-5
167.53127766652617 9.362177410434828E-6 1.8000245839088773 -6.515469261475879E-5 -1.041189503874707E-4
168.1908496258432 6.419314623065588E-6 1.7906056323893154 -5.476091579521093E-5 -8.570358392557962E-5
