64 64
7.503267973856212 -1.0916338784302397 396.56496714747715
0.0 0.0 0.0 0.0 0.0 0.0 0.0 0.0 0.0 0.0 0.0 0.0 0.0 0.0 0.0 0.0 0.0 0.0 0.0 0.0 0.0 0.0 0.0 0.0 0.0 0.0 0.0 0.0 0.0 0.0 0.0 0.0 0.0 0.0 0.0 0.0 0.0 0.0 0.0 0.0 0.0 0.0 0.0 0.0 0.0 0.0 0.0 0.0 0.0 0.0 0.0 0.0 0.0 0.0 0.0 0.0 0.0 0.0 0.0 0.0 0.0 0.0 0.0 0.0 
0.0 0.0 0.0 0.0 0.0 0.0 0.0 0.0 0.0 0.0 0.0 0.0 0.0 0.0 0.0 0.0 0.0 0.0 0.0 0.0 0.0 0.0 0.0 0.0 0.0 0.0 0.0 0.0 0.0 0.0 0.0 0.0 0.0 0.0 0.0 0.0 0.0 0.0 0.0 0.0 0.0 0.0 0.0 0.0 0.0 0.0 0.0 0.0 0.0 0.0 0.0 0.0 0.0 0.0 0.0 0.0 0.0 0.0 0.0 0.0 0.0 0.0 0.0 0.0 
0.0 0.0 0.0 0.0 0.0 0.0 0.0 0.0 0.0 0.0 0.0 0.0 0.0 0.0 0.0 0.0 0.0 0.0 1.4562475450633581E-4 9.000317179320218E-4 0.001539950912048815 0.002934537946070377 0.003883410810204506 0.005451566155686481 0.006562672413093392 0.008500120305703988 0.010338489683476991 0.01218450913213576 0.012841647114866009 0.01164002694385901 0.008442187072942656 0.004522476797311057 0.0 0.0 0.0 0.0 0.0 0.0 0.0 0.0 0.0 0.0 0.0 0.0 0.0 0.0 0.0 0.0 0.0 0.0 0.0 0.0 0.0 0.0 0.0 0.0 0.0 0.0 0.0 0.0 0.0 0.0 0.0 0.0 
0.0 0.0 0.0 0.0 0.0 0.0 0.0 0.0 0.0 0.0 0.0 0.0 0.0 0.0 0.0 0.0 0.0 1.3678505287446882E-5 7.281212181417609E-4 0.0034400476931012386 0.006712988808272104 0.013470331519650996 0.019784107312896534 0.029661026995520808 0.04071502825262879 0.0597629516644709 0.08562243040460987 0.12114688552518749 0.15844012655306672 0.19072004163796732 0.20731945441407407 0.22124962874675963 0.21807884494960383 0.21910988306307305 0.2045764588024165 0.19695782751760024 0.18099469348999755 0.16219952061638818 0.143184133990815 0.13349680872891811 0.1322437404835074 0.13380209933752577 0.12895035650434988 0.1141424237564266 0.08502561492777358 0.051838954523904066 0.02411190218224849 0.005843024801329537 5.944268342800504E-4 0.0 0.0 0.0 0.0 0.0 0.0 0.0 0.0 0.0 0.0 0.0 0.0 0.0 0.0 0.0 
0.0 0.0 0.0 0.0 0.0 0.0 0.0 0.0 0.0 0.0 0.0 0.0 0.0 0.0 0.0 0.0 0.0 6.041782831995428E-5 0.001245832475346922 0.003494155980768216 0.008169940500479 0.015291100580115602 0.023347113441326645 0.03048561698378009 0.04500652258787591 0.06398546232641407 0.09716546831045512 0.1405497281608848 0.17750104602150746 0.21207395764609202 0.23666068444322394 0.24225595945972103 0.24115155307616573 0.2406167492722642 0.22839332768648704 0.2217805777844715 0.20799768014452 0.1898546019329597 0.1726481016544514 0.16361519656178414 0.1577790964607958 0.16403655806732217 0.16500635141127035 0.15506476045571282 0.12278656395388174 0.07977654558783419 0.03876231920563033 0.010723552115530168 0.0013751636677937736 4.147955695191222E-5 0.0 0.0 0.0 0.0 0.0 0.0 0.0 0.0 0.0 0.0 0.0 0.0 0.0 0.0 
0.0 0.0 0.0 0.0 0.0 0.0 0.0 0.0 0.0 0.0 0.0 0.0 0.0 0.0 0.0 0.0 0.0 1.7193672923435297E-4 0.001437315990687484 0.0034257349218644643 0.008969355910207772 0.016782180895794255 0.025119817294080672 0.033339218088581736 0.04979411676278775 0.07228895519649539 0.10429253094794175 0.14587771825682302 0.1823795961662951 0.24425213052721856 0.26278682738856235 0.28752696389812527 0.27674336992773274 0.258669593128637 0.24289018103113572 0.2300906391869616 0.20864626858727275 0.19054374253416528 0.17328126548907904 0.1638744410653732 0.15839951137223637 0.15896718606363153 0.16489039313584983 0.16006994144058398 0.13371269887312448 0.08752026020552442 0.04506999951453303 0.014983695020131487 0.00197650379983394 2.318878910872519E-5 0.0 0.0 0.0 0.0 0.0 0.0 0.0 0.0 0.0 0.0 0.0 0.0 0.0 0.0 
0.0 0.0 0.0 0.0 0.0 0.0 0.0 0.0 0.0 0.0 0.0 0.0 0.0 0.0 0.0 0.0 3.450059033890425E-5 3.5237176452174293E-4 0.0022832126414305807 0.00449503620541306 0.01077230978018127 0.018743433710097086 0.026723891615243498 0.03683895871933659 0.05032451049073893 0.07160558416984443 0.10773990629537816 0.15346723559694528 0.20616138059830458 0.24866358270231295 0.2688931268810856 0.3096632833542137 0.29882195579542375 0.27500259653899906 0.2495427487213617 0.22911843023850262 0.2068787329880598 0.18555025593361293 0.171891913025568 0.16319402626843527 0.16199692036491017 0.1556604361380169 0.16764965978493973 0.1599346416045892 0.13822821673706479 0.09377116860901746 0.05036365944373419 0.018145944528532732 0.002823558665588529 2.6687818541646048E-5 0.0 0.0 0.0 0.0 0.0 0.0 0.0 0.0 0.0 0.0 0.0 0.0 0.0 0.0 
0.0 0.0 0.0 0.0 0.0 0.0 0.0 0.0 0.0 0.0 0.0 0.0 0.0 0.0 0.0 0.0 1.0528643409202882E-4 4.070759709727165E-4 0.002922662892135424 0.006014627131708218 0.011338561651796962 0.020132414239925848 0.028152365987524706 0.03685586538935211 0.05358088295684144 0.07499198708596647 0.11295846624677862 0.16178996478627766 0.22794639877272183 0.24233560119739264 0.3095486703961702 0.34180839449855893 0.3441807852117858 0.32066495797861044 0.2820153820951667 0.2487665161099772 0.21950619532775761 0.18987656997088645 0.18143051062370957 0.17248865364094926 0.16946276206108096 0.16474226797449631 0.17639594113043872 0.17194775138416404 0.14845967198982907 0.10409125709902163 0.06033990178153342 0.02484727630854502 0.004497204901555697 3.274152013226675E-4 0.0 0.0 0.0 0.0 0.0 0.0 0.0 0.0 0.0 0.0 0.0 0.0 0.0 0.0 
0.0 0.0 0.0 0.0 0.0 0.0 0.0 0.0 0.0 0.0 0.0 0.0 0.0 0.0 0.0 0.0 8.246869819556377E-5 5.062554793829447E-4 0.003347930457079896 0.007061209709609472 0.012224146792086788 0.02175543587377372 0.02903934809557031 0.041787407694713986 0.062407261924995405 0.08503344794253949 0.1278611500482987 0.1833792898750872 0.2444377404522226 0.298862226132467 0.35240234225499556 0.41162427103316507 0.40326496284901464 0.37800395449457114 0.3171628453132446 0.2883553367242486 0.25065879422316667 0.21586125730092423 0.2044560728228645 0.19791360549385295 0.19063201551138473 0.18834653894322423 0.1925149798933495 0.19026086149765872 0.1662979795829223 0.12013539280746148 0.0700022371017422 0.03154059424049423 0.0072207305214277125 6.224689583934838E-4 0.0 0.0 0.0 0.0 0.0 0.0 0.0 0.0 0.0 0.0 0.0 0.0 0.0 0.0 
0.0 0.0 0.0 0.0 0.0 0.0 0.0 0.0 0.0 0.0 0.0 0.0 0.0 0.0 0.0 0.0 8.296641295672575E-5 6.587325026007234E-4 0.003249464793197845 0.008080241117961776 0.015190242826128568 0.024483072190139073 0.03184752397184331 0.045579621249421616 0.06736567943359574 0.10158250567798195 0.1496477359414205 0.21356400190787342 0.27226516955623437 0.3968970908569811 0.45022422781024535 0.48162998735348805 0.45746538339368514 0.4341175199702197 0.37583214872019655 0.3289294445752148 0.276143694079523 0.24952319612724283 0.23091399423872505 0.21710818983339739 0.19853789655534035 0.19551732724816806 0.19724886646049564 0.19885754530650043 0.17766136247768516 0.13437809438987494 0.07928006046749543 0.03637617455444969 0.009903686031951403 8.344718350803104E-4 4.740384461781623E-5 0.0 0.0 0.0 0.0 0.0 0.0 0.0 0.0 0.0 0.0 0.0 0.0 0.0 
0.0 0.0 0.0 0.0 0.0 0.0 0.0 0.0 0.0 0.0 0.0 0.0 0.0 0.0 0.0 0.0 1.3349438054975328E-4 8.011402768827219E-4 0.0032214868564430896 0.010164258036943454 0.01832856490538631 0.02722404048003498 0.03655472914103738 0.053956539287185926 0.07288280889443297 0.11221862536279806 0.1570225048344013 0.2327733973734134 0.3008508485133054 0.3910496625650717 0.4614068951741239 0.5074340054227718 0.4861096143233402 0.4461359082988131 0.38227726855467176 0.32998833414817214 0.2821686978020717 0.24629577701513808 0.22672154003323614 0.2127066212461324 0.19561977370983802 0.1916817459952084 0.19707256561083872 0.19301999378826798 0.17020845504109544 0.13074289221138158 0.08254466411107678 0.03974149869739898 0.011210607414121656 7.17240980414308E-4 2.767708666240379E-5 0.0 0.0 0.0 0.0 0.0 0.0 0.0 0.0 0.0 0.0 0.0 0.0 0.0 
0.0 0.0 0.0 0.0 0.0 0.0 0.0 0.0 0.0 0.0 0.0 0.0 0.0 0.0 0.0 0.0 5.894233450413527E-5 8.648326240893171E-4 0.0034671178453744927 0.00998437249740305 0.01893607991682139 0.028907150413161928 0.04071003893707054 0.05842833359218961 0.07889561446082413 0.11928389451443415 0.17123464761696405 0.24523184427122716 0.3216690712559779 0.4107151401744231 0.5131762399849031 0.5350019445793115 0.5265076682485147 0.4768037963449844 0.418012800423041 0.3402277770208784 0.27394098138517614 0.23840688947109584 0.21846058926502224 0.21013938386249467 0.19538160001965812 0.19613520410087001 0.19945521356207463 0.19154464549988987 0.17003067198468177 0.12993919236168872 0.08476490426740889 0.04412934269670954 0.014111771052677346 8.119618949335698E-4 2.3889109937814306E-5 0.0 0.0 0.0 0.0 0.0 0.0 0.0 0.0 0.0 0.0 0.0 0.0 0.0 
0.0 0.0 0.0 0.0 0.0 0.0 0.0 0.0 0.0 0.0 0.0 0.0 0.0 0.0 0.0 0.0 1.0027076867142191E-4 0.0012879075350631633 0.004015228391709423 0.01047074836400078 0.02104011934361652 0.030979971409082815 0.047206075057614094 0.06529133072620182 0.0921786396039792 0.13192358868432896 0.18674740323293834 0.2667492661325085 0.37081678228187126 0.4657749553844579 0.5723055337001944 0.615886706833418 0.6004375867847928 0.5418105277854958 0.4804826273501554 0.39746864033028406 0.3209772539447095 0.27679103837186386 0.24553665933575888 0.22612233463380313 0.2161447558957295 0.2052315519225576 0.20900420621280272 0.19408633860198066 0.17112475098625662 0.1301103226420664 0.08774118230591367 0.04840409506208217 0.01688509971641483 0.0017106903975684653 3.358416321957349E-5 0.0 0.0 0.0 0.0 0.0 0.0 0.0 0.0 0.0 0.0 0.0 0.0 0.0 
0.0 0.0 0.0 0.0 0.0 0.0 0.0 0.0 0.0 0.0 0.0 0.0 0.0 0.0 0.0 0.0 1.098238096848743E-4 0.0010735910432981657 0.004184424677546988 0.011967652793738758 0.022911808207109672 0.0337526309219288 0.05361520175757691 0.07275754345930564 0.10141999603145681 0.14450911060498686 0.214879254230291 0.2988170764599799 0.3945826062794197 0.5091965005521255 0.635647331258385 0.6847767362332808 0.6639000576539663 0.6078009887348765 0.5207709515273888 0.4355555362432209 0.3416050146882605 0.292420248285057 0.2605002737418911 0.2391878043504732 0.23048486300506757 0.21288083622237827 0.20782911482087935 0.1908235736300397 0.16702088137270452 0.1299854167488583 0.0916296395053526 0.05205834953632493 0.020213590761562053 0.0027810440097816077 1.2912390158884048E-4 0.0 0.0 0.0 0.0 0.0 0.0 0.0 0.0 0.0 0.0 0.0 0.0 0.0 
0.0 0.0 0.0 0.0 0.0 0.0 0.0 0.0 0.0 0.0 0.0 0.0 0.0 0.0 0.0 0.0 2.0650763733110034E-4 0.001461515764623728 0.004972525589764677 0.013914934417133325 0.02467107529824041 0.03735548382361216 0.05558700710936814 0.07952289733291627 0.1104630648238514 0.15947550575894393 0.22521567643678808 0.3025824028447367 0.40039106724819523 0.5245889128194984 0.6203665121344814 0.6895972490243544 0.6668600829712568 0.607569671777096 0.5377616830544582 0.43749604268652964 0.3470204322064402 0.28900862139159506 0.26424863201380794 0.23641987568088074 0.22972641633462626 0.2073723267283401 0.19835062680045723 0.1760285298336657 0.14965144476921943 0.11982595531548026 0.08635746805355082 0.052437430164167104 0.02258543450911143 0.003799284355616556 1.1789374353484467E-4 0.0 0.0 0.0 0.0 0.0 0.0 0.0 0.0 0.0 0.0 0.0 0.0 0.0 
0.0 0.0 0.0 0.0 0.0 0.0 0.0 0.0 0.0 0.0 0.0 0.0 0.0 0.0 0.0 0.0 3.1659829415950347E-4 0.002466620930225868 0.006452075454294419 0.015349714973853824 0.02811120054338823 0.04278573224063918 0.06301721773031435 0.09189401251706325 0.12212975925701097 0.17472219484572885 0.24469365569547227 0.3248584054926914 0.44548751664819847 0.577184626681894 0.6837275812465922 0.769212489896982 0.744416191158318 0.6642977199370038 0.5657009026087692 0.46398080277838444 0.3807605772549036 0.3135065383296364 0.26882247027383194 0.2399531224227488 0.22735514064111037 0.21468646080356524 0.19578029906016625 0.1708612776015901 0.14003275846203692 0.11132502504223325 0.08106970255428995 0.05307775079447819 0.02496230598844395 0.004719528343093274 1.2424166132190772E-4 3.365195574388656E-5 0.0 0.0 0.0 0.0 0.0 0.0 0.0 0.0 0.0 0.0 0.0 0.0 
0.0 0.0 0.0 0.0 0.0 0.0 0.0 0.0 0.0 0.0 0.0 0.0 0.0 0.0 1.8305988560802308E-5 1.9062516795901867E-5 2.1144070090597141E-4 0.002546424366580291 0.007017309718664254 0.015988611545647638 0.030863297668421157 0.049664568325455634 0.06864735431597756 0.10544986017123929 0.13825653124318757 0.1990009695881211 0.2677677551424465 0.35885612686421864 0.48564392336308576 0.59640221228463 0.7245464660392046 0.8023164115863672 0.7805226183692462 0.7023284571487246 0.5805618370873857 0.48202655568155156 0.37683293497222653 0.2962345616316407 0.24799457458436994 0.2331620805899915 0.21793900950356315 0.21465282310778108 0.1997488084700626 0.17289998733532555 0.13917234489989735 0.11078713674405119 0.08104127084661984 0.0557552142036555 0.028306800361875287 0.006098174055340614 4.158259062458789E-4 6.148749788196481E-5 0.0 0.0 0.0 0.0 0.0 0.0 0.0 0.0 0.0 0.0 0.0 0.0 
0.0 0.0 0.0 0.0 0.0 0.0 0.0 0.0 0.0 0.0 0.0 0.0 0.0 0.0 3.207390715673039E-5 4.55148285501967E-5 3.0839326481657504E-4 0.002866376363547604 0.008613469174739334 0.019038185782582956 0.03452850358590706 0.056586962991449476 0.07939925970844006 0.11945274375323289 0.1576020058261433 0.2265983043003187 0.2864125515670289 0.37670202958274845 0.48100976695556014 0.5965277907679414 0.7003129589979158 0.7810983879372068 0.7997226137858537 0.7235843790266232 0.6352003167036038 0.5217095252260505 0.430000920102157 0.34322645355135195 0.2924899632856414 0.26205563188180014 0.24479272594730195 0.23257993327484533 0.21044010801268095 0.1731024264150643 0.13477982627894017 0.10727183486805152 0.08093267360049855 0.057172841018640404 0.030408478209293783 0.0076917621434090195 3.9336432288144423E-4 1.0821725394191486E-4 0.0 0.0 0.0 0.0 0.0 0.0 0.0 0.0 0.0 0.0 0.0 0.0 
0.0 0.0 0.0 0.0 0.0 0.0 0.0 0.0 0.0 0.0 0.0 0.0 0.0 0.0 2.410089543056228E-6 5.1498662084816246E-5 8.570969002304068E-4 0.0038989926706597977 0.010601984741674063 0.021838983719676106 0.03711479679847069 0.06311846932048282 0.09157282917020218 0.1328813081149059 0.1811647565316939 0.25371376124942535 0.319092056172343 0.42018436928150726 0.531835100736349 0.6298597826600676 0.7468814870582791 0.8212904961346729 0.8611312195571001 0.7773151218949144 0.6755502740013459 0.5629379305798375 0.446304408008011 0.3662486827773345 0.31400264503356673 0.2810753995438891 0.26658862386734716 0.24788586213599917 0.21378569030720018 0.1659963612212099 0.12402893314006737 0.09862702597807407 0.07667091999411806 0.0550784608497862 0.03148782783090343 0.009161748495513556 7.041190995780156E-4 5.267963383529669E-5 0.0 0.0 0.0 0.0 0.0 0.0 0.0 0.0 0.0 0.0 0.0 0.0 
0.0 0.0 0.0 0.0 0.0 0.0 0.0 0.0 0.0 0.0 0.0 0.0 0.0 0.0 3.3310110035597123E-6 2.1462832145739073E-4 0.001387167598522634 0.00433189319102309 0.011665952994613017 0.023013827394917447 0.040934076673262126 0.07000178594320848 0.09502511595176902 0.1385268244061919 0.1962578348535934 0.26901981326096014 0.33901365713500287 0.440763263315441 0.5485770902143606 0.6496702016527571 0.7517201065870307 0.810727179630804 0.8415265536398135 0.7963120344316911 0.7161100708545075 0.5944980043032442 0.4733349650430937 0.39242384278950876 0.32525123685523494 0.2977393849991163 0.2830735610577615 0.2537504059516882 0.21443826815624506 0.16243755775485602 0.11897462906956142 0.08527383732697633 0.06990056850429735 0.051221470069292376 0.031743199102350586 0.010721194009221708 0.0012110499376711845 5.481821251870256E-6 0.0 0.0 0.0 0.0 0.0 0.0 0.0 0.0 0.0 0.0 0.0 0.0 
0.0 0.0 0.0 0.0 0.0 0.0 0.0 0.0 0.0 0.0 0.0 0.0 0.0 1.461242247131291E-5 6.180757787259633E-5 6.700647314468525E-4 0.0020568791074989253 0.005602232450697103 0.014595120087990607 0.02737072361992633 0.04674443210346782 0.07811646623798538 0.11248907137037027 0.1665617162724174 0.22710339568049956 0.30627097218427835 0.3850572822036295 0.49273301438161815 0.6051711578118015 0.6631381142778863 0.7656493127342082 0.8597834102834641 0.8810871902635328 0.8256983706927921 0.7454919403667687 0.6482420380573911 0.5112873993854887 0.4206378201757882 0.35369857801722066 0.3199451574711044 0.29646290720667423 0.26473623243938715 0.21576643778368368 0.16093688005367815 0.11697405965788502 0.08182600805407148 0.06621809024951991 0.05075577823711959 0.03311099510163598 0.012286698896837379 0.0016858391503151273 7.3497287129612935E-6 0.0 0.0 0.0 0.0 0.0 0.0 0.0 0.0 0.0 0.0 0.0 0.0 
0.0 0.0 0.0 0.0 0.0 0.0 0.0 0.0 0.0 0.0 0.0 0.0 0.0 2.294107594606755E-5 1.2595205765263338E-4 0.0010244186970841222 0.00321262692179126 0.008270403893545743 0.01772036857929102 0.030975215282062644 0.05106042571784835 0.08545061978125323 0.12846108340069542 0.1815568331766677 0.24914342527388647 0.3303955868380018 0.3959993541363532 0.5081266086931417 0.6066809843795211 0.7048563646727832 0.8085288211799115 0.836991995005356 0.9255713704274652 0.8817159748231913 0.7982030043455676 0.694155213489668 0.5624322681330916 0.46697070246398714 0.3927255189027715 0.349304754267661 0.3188618311090688 0.27583197421304184 0.22279306582886801 0.16116004189398495 0.1165104147353746 0.0808169729715836 0.06321230611768074 0.050416041712678335 0.034585284237580005 0.015547661613168414 0.0027343996515311096 1.1769082155284483E-4 0.0 0.0 0.0 0.0 0.0 0.0 0.0 0.0 0.0 0.0 0.0 0.0 
0.0 0.0 0.0 0.0 0.0 0.0 0.0 0.0 0.0 0.0 0.0 0.0 0.0 0.0 9.319818256099337E-5 0.0010134376519572834 0.0037026293760872575 0.010124491898223044 0.019893616767996974 0.03440552537248852 0.0590435709456222 0.09523471292615066 0.14580853755409495 0.20427950434779438 0.2823472253612448 0.3607397119287719 0.4388555138819641 0.5494349905641679 0.6474650908226065 0.7160593312629162 0.7792885804659264 0.8488994629343017 0.8879830923894109 0.8893908234987158 0.8116563765312294 0.7130026309379338 0.5845516708922247 0.479900890767739 0.4033692954985066 0.35723222245303754 0.3200589825421457 0.270632426502251 0.21324047387393483 0.15435665185482886 0.10773602800909339 0.07557888327394825 0.059272927141458376 0.04640718613254673 0.035318003894355354 0.017885007222503142 0.0036402681668767684 4.457883985021747E-4 8.205545264206986E-5 0.0 0.0 0.0 0.0 0.0 0.0 0.0 0.0 0.0 0.0 0.0 
0.0 0.0 0.0 0.0 0.0 0.0 0.0 0.0 0.0 0.0 0.0 0.0 8.489308917153335E-7 2.9665028002538373E-5 2.4444930332971816E-4 0.0014970156777329427 0.004567498461325008 0.011845697899319958 0.023280010276496507 0.03791582398691909 0.06561242837889407 0.10524092090032333 0.15662990980985353 0.2157512847669783 0.3030352044992239 0.38610490524002056 0.46551639135890827 0.5575145263659403 0.6391123852895266 0.7209594177189893 0.7548156919352509 0.7971971046319659 0.8578333217026347 0.8777849531855824 0.8293334542065386 0.7349858542036736 0.6409482298481705 0.5273769721763703 0.44260007804634166 0.3876789224415168 0.341078710124304 0.278079554807527 0.212900967581941 0.1557490070103037 0.10566558298029223 0.07425263136407584 0.05587199094776581 0.04432053057554047 0.03466985177243622 0.019417095514514846 0.004458812141404074 5.045072725486056E-4 7.961169206343687E-5 0.0 0.0 0.0 0.0 0.0 4.0408457302175325E-6 0.0 0.0 0.0 0.0 0.0 
0.0 0.0 0.0 0.0 0.0 0.0 0.0 0.0 0.0 0.0 0.0 0.0 3.0071370789015116E-6 7.02038798112189E-5 5.252325430050251E-4 0.0021222457288203674 0.0069187108520122375 0.01462996633564405 0.026882943505815386 0.04470080471851596 0.07556978503608162 0.11929283464637407 0.1690317283682468 0.24889498203716573 0.3322709895464834 0.42306886589686665 0.516478665934614 0.5742087178770642 0.6698361533341683 0.707333083057213 0.7854926966489515 0.8338487902791429 0.8733280249532639 0.8855782070257634 0.8491083499230765 0.7663169236310713 0.684094162627975 0.5925937828396283 0.5124173729044845 0.43803118014179737 0.3669467717163356 0.2966372402715425 0.21931366911583342 0.1546098731708823 0.1036536383132971 0.07318826088083719 0.05327774443828085 0.04277601195395856 0.03417120640675484 0.021886184333250024 0.0065201272715409726 0.0011099950691403125 1.464039273654137E-4 1.9590853072627445E-5 0.0 1.1577846732105174E-5 1.8912746080960768E-4 1.900813354026878E-4 1.2585686182469568E-4 2.7720862703985163E-5 0.0 0.0 0.0 0.0 
0.0 0.0 0.0 0.0 0.0 0.0 0.0 0.0 0.0 0.0 0.0 0.0 5.8092773807506995E-5 1.3526037316258937E-4 7.026354534485142E-4 0.002806533062307242 0.008665271945466154 0.017834275093666304 0.031099243105527523 0.05212006749471345 0.08590632236757377 0.13381466475839543 0.19448266654080973 0.2735154598604955 0.36184664791230503 0.4694195078745384 0.5548941866630165 0.6312088702829991 0.7320196802340315 0.7726849281007747 0.8209627477886233 0.8236254014416322 0.8797290666350628 0.9232788146931443 0.900410825934286 0.8318303886366706 0.7587836998069816 0.6681140586682076 0.5636897417704189 0.4742070123333245 0.3940956052772741 0.3091556320943261 0.21747976353415052 0.14835777159896008 0.10310716913147078 0.07072191874961983 0.05073026844226021 0.03993617805963736 0.034213398796846956 0.02433300092143279 0.00908856942131493 0.0024520914652439623 3.4870780081024073E-4 3.349939813069895E-5 1.4772624208592608E-4 2.2760561415135152E-4 4.833406845365252E-4 5.899445009361524E-4 4.026792108268339E-4 7.186214340441941E-5 0.0 0.0 0.0 0.0 
0.0 0.0 0.0 0.0 0.0 0.0 0.0 0.0 0.0 0.0 0.0 1.700058271442948E-5 1.0960947817389034E-4 1.782910966536356E-4 9.135408639265295E-4 0.0035793665724035725 0.010848978991702566 0.02154274722909344 0.03503640884137753 0.05822771402441047 0.09858605654802909 0.14941657520909435 0.21459644179892146 0.2979849877511278 0.3987370240936828 0.5073270067128519 0.5952256691806221 0.6758846978425327 0.7532167022452589 0.7720701737894519 0.7947867517137229 0.7960831976208589 0.8316119600715887 0.9020706750867533 0.8942407256502538 0.8561016903194139 0.7935878870834636 0.7114321506124608 0.6003265082222985 0.4939281867009154 0.3900087629884483 0.2975010449132281 0.21450057160011224 0.14609661884869268 0.1039709874235206 0.07301106259802508 0.05183188851114155 0.04106671768778579 0.0340785053363708 0.027009748969741284 0.013334436988835213 0.004705805064621748 0.0018961967042295776 0.0016609551304829057 0.002164895964812937 0.002961858730661049 0.003549622766794201 0.004110077328249905 0.0030439294367235136 3.9908624017751865E-4 0.0 0.0 0.0 0.0 
0.0 0.0 0.0 0.0 0.0 0.0 0.0 0.0 0.0 0.0 0.0 2.891959032603697E-5 5.953544443873987E-5 1.6363984641227256E-4 0.0015377433946264702 0.004437038790069876 0.013861368476023784 0.02434549119506002 0.03950737521124314 0.06689240535648681 0.10744081529907325 0.16122473113713476 0.23136821542585403 0.31729989605873327 0.4121948517229218 0.5293358883694663 0.6011623973438786 0.6948586865155141 0.7267862848540974 0.7527325084692511 0.771239778092613 0.7898952252482154 0.821161156300945 0.8776091302724529 0.8851695743899028 0.8585137888787534 0.8081715016547693 0.7348041219817009 0.6298421223650061 0.5213019632433189 0.40959098059581284 0.3079902549966696 0.2202311945954425 0.14618510138613472 0.10224085995208654 0.07420115511024167 0.051921260298302144 0.04248194995343096 0.03432878570309093 0.026919471556960846 0.0160538477689819 0.0056451475232505875 0.0028273589217233434 0.002383275268404416 0.0030446568566348696 0.003135027752808671 0.0032936732431304372 0.003935157920629983 0.0031523558851389117 4.474497775562878E-4 0.0 0.0 0.0 0.0 
0.0 0.0 0.0 0.0 0.0 0.0 0.0 0.0 0.0 0.0 0.0 8.468394292394358E-6 3.850990429120903E-5 4.896325808192149E-4 0.002227883943015498 0.005958468773262768 0.01658541804760893 0.02765518504169876 0.04740127754809636 0.07487492939215278 0.11992206040453404 0.18018961555497254 0.2454161949006678 0.3312845067036557 0.41253428777169243 0.5303612156943421 0.588045185543614 0.6740661202716449 0.7081025233142669 0.7526299612349684 0.7611479935147768 0.8047839553535499 0.8112441910736601 0.876976361543072 0.8721460793561918 0.850269671268789 0.8423040310342458 0.8029343512376299 0.6898534583451809 0.5727455753509363 0.4404590370500582 0.31807032054007206 0.21954846403198194 0.14589844894316434 0.10424372314079466 0.07775588861015457 0.05866507251254933 0.04751328786642256 0.03727670510574063 0.030998639072287514 0.020060656279096645 0.009429539008200349 0.00475179434277592 0.005020193011692322 0.006019523896095424 0.005120114967922266 0.003851118381706224 0.0028027251172530092 0.0014520692445994855 1.1115254473901951E-4 0.0 0.0 0.0 0.0 
0.0 0.0 0.0 0.0 0.0 0.0 0.0 0.0 0.0 0.0 0.0 8.35979202023064E-6 3.8932097680411204E-5 6.856584895249987E-4 0.0026772152523946175 0.007343809923165879 0.018019830291929804 0.030176695849066515 0.05197989480628359 0.08273429062007813 0.132606607016755 0.19529706486109014 0.26876409010822494 0.3602050594052123 0.4419583860771292 0.5515050688708364 0.6057365791970186 0.6945952228935882 0.733545181573493 0.7302703583283681 0.7463661901132417 0.7845281917396976 0.7981423032982868 0.8563964509067699 0.8726600269960001 0.887238806859356 0.8838900232463437 0.8273553106671441 0.7129897244507198 0.5932779608702684 0.4448306388122054 0.3252024139688238 0.22330771976683894 0.15201352944344004 0.10533939775370899 0.07655403430541581 0.058509739546724567 0.04583688486090225 0.03679131179593024 0.032280150178100576 0.021793111500552687 0.012789301550562864 0.006851736233969727 0.006684563333982969 0.007978607629414184 0.007807199480987757 0.007017338560889645 0.005023976234500015 0.0029792136340557537 4.1119047856211016E-4 0.0 0.0 0.0 0.0 
0.0 0.0 0.0 0.0 0.0 0.0 0.0 0.0 0.0 0.0 0.0 1.4029756588041042E-5 7.814546553186245E-5 7.601995629189936E-4 0.003121166349046379 0.008413788967894565 0.019701489566461165 0.033925988758175325 0.05722954590708144 0.08965606522855399 0.1405401247763991 0.20720314542967497 0.28963342012963567 0.39288199702003535 0.47288569320792007 0.5733082226496938 0.6470717962572301 0.7132381089681247 0.7333235824018214 0.7413339249719478 0.777150980170451 0.765908770722645 0.7751788421339558 0.8520394941263382 0.8952386516660755 0.9622722160961045 0.9403156701718598 0.8982546214551805 0.7909638378541669 0.649034161352362 0.4917924078144435 0.3552726021579863 0.23326370082822329 0.15701933802680862 0.10527117884689491 0.07536414095116285 0.0573312301161365 0.04389892777102816 0.037147498580731346 0.032821119619761356 0.02414035739014287 0.014216561974401345 0.008024294313876038 0.006268026573000998 0.006122157520431 0.005774475453958231 0.004922664247542748 0.003250705785541377 0.0017770920954766243 3.8849495132576043E-4 0.0 0.0 0.0 0.0 
0.0 0.0 0.0 0.0 0.0 0.0 0.0 0.0 0.0 0.0 0.0 2.6075080480873532E-5 1.6652221473908353E-4 0.0010896426350632785 0.0036328035395977697 0.010059165897120088 0.022243385152725274 0.03992693125522921 0.06205283235429303 0.09790563512774265 0.1503895079160327 0.22380737710303053 0.30460407239304743 0.3991979672519574 0.4914191881800499 0.5964150829886407 0.655985772048457 0.7260959800022009 0.7214389093422078 0.7374283619062643 0.7656499676833312 0.7612091874418834 0.7893547449330967 0.8516558381943046 0.9293650049542493 0.9420836323642198 0.972568894449334 0.9255967542665572 0.825844119249101 0.6728521897508656 0.5006371290220385 0.3470070806662704 0.2278658514389944 0.15293691815316082 0.10562097176977575 0.07483130778115003 0.05674392988345722 0.0436367027493165 0.03634296044157301 0.033197768946129205 0.02603951632046683 0.015747975567442424 0.008333512652668119 0.005777920083883617 0.005291247889144831 0.004427000701368159 0.003547854885696358 0.0021296910672345833 8.028326205963938E-4 1.0632426699410027E-4 0.0 0.0 0.0 0.0 
0.0 0.0 0.0 0.0 0.0 0.0 0.0 0.0 0.0 0.0 2.9431200667808525E-6 2.9372033775299614E-5 2.2806191973344283E-4 0.0010413828406660875 0.003382880532303553 0.011201814302324246 0.023186879004703797 0.041880611165578834 0.06603649118698025 0.10597076806391631 0.16457721493016922 0.2293458523419581 0.3133575631469774 0.4174743818213741 0.4981368710879235 0.5849960410554419 0.6435503159860795 0.7084781365712748 0.7071925805555411 0.7313299355039148 0.7545049656572921 0.7686045257106301 0.7737496938764402 0.8013960562796069 0.8545756725702426 0.936814214924252 0.9535310261695905 0.9281879916451307 0.8240659113046338 0.6574805200309429 0.48181444997990286 0.3417591768682427 0.22161499782751667 0.1493025956201036 0.1046032445791427 0.07564100881102115 0.05646301795360859 0.04308716276232969 0.03504749556237363 0.03232466734393593 0.025858816291952757 0.015178429985110936 0.0066751686005461705 0.004529332945029928 0.004073865191817847 0.004090670539124311 0.003806435837814958 0.002351504793045891 0.001233877037227608 1.265456100141611E-4 0.0 0.0 0.0 0.0 
0.0 0.0 0.0 0.0 0.0 0.0 0.0 0.0 0.0 0.0 4.647343735845584E-6 3.2380700455394796E-5 1.760109075263308E-4 8.33417450538194E-4 0.0036033327853123233 0.01230133527445824 0.024024989085961266 0.04218269243990872 0.07152671815384835 0.11064475064905724 0.1656538832489819 0.23658893719044705 0.3255418359519818 0.42124730586157355 0.5052495040463989 0.5991122898616562 0.6750382549687147 0.697630855022241 0.7221589850402742 0.740032365664211 0.7427913664194761 0.7425693845577227 0.7631188475121575 0.816854232292347 0.883196776481085 0.9459922062164068 1.0 0.9526749159686579 0.865831259173436 0.6782969344061066 0.5027731487831603 0.34542896386149863 0.21983335209452054 0.14629023718305462 0.101706031313731 0.07193855163048281 0.05314073634516474 0.04166657406339445 0.03496523247163713 0.03166112893392372 0.025617872916145635 0.014854325470136247 0.005111388084991645 0.0022296597336252054 0.0018497728948255198 0.0023158636881694217 0.002615244496327771 0.0018551651332882 9.876128721259848E-4 4.7856556097274305E-5 0.0 0.0 0.0 0.0 
0.0 0.0 0.0 0.0 0.0 0.0 0.0 0.0 0.0 0.0 1.4495250332807464E-6 8.415890866857465E-5 1.1140728887311053E-4 0.0012235045455277632 0.003993232010383124 0.013412747734205048 0.02642157781601531 0.04690176296690608 0.07862313357241622 0.11212886849020758 0.17089928789852224 0.24083497900999676 0.3286296637418969 0.42313527264592554 0.5074968419132441 0.6115320312317287 0.6922305914318352 0.7148430707320046 0.7237161423027755 0.7478656780477478 0.7541614321767215 0.7577055781489478 0.7986924649125382 0.8249758493625187 0.9193835766050527 0.9812711732094691 0.9890693958254404 0.9545694973347726 0.852244867740787 0.6747737956937465 0.5031214188379132 0.3282810854230088 0.21048027346308887 0.1408330490210423 0.09569129972167174 0.06749855380394444 0.04921360118714118 0.03994084071562826 0.034880116689132226 0.032132612747430685 0.025521067050273002 0.015214314677711779 0.004517032165454612 6.060702391070453E-4 3.9624168544235856E-4 4.2957486260224994E-4 7.715905726159407E-4 6.015425910789027E-4 3.319634338836891E-4 0.0 0.0 0.0 0.0 0.0 
0.0 0.0 0.0 0.0 0.0 0.0 0.0 0.0 0.0 0.0 1.9401408371193036E-7 8.591765208766351E-5 2.697125177429244E-4 0.0015662776542460434 0.004141088049381477 0.013366143968539081 0.02824256231000756 0.05019611282973855 0.0818197203172814 0.1196899931345451 0.17836560756275854 0.24826518614773516 0.3270280288626433 0.43469116702505645 0.5119480233053297 0.6161035166534997 0.6590908807846033 0.704422755527423 0.7008582932077225 0.7362597449354225 0.7117973408381814 0.7334381184566847 0.7645465486389257 0.8029364664627927 0.8657410930970963 0.9366402221239666 0.9540330996473093 0.9172861541879761 0.8247856482631223 0.6533817221628906 0.4954968951343342 0.33286571107009527 0.21722833751104456 0.139367772472489 0.09720019144405614 0.06715937319830233 0.0487308721177147 0.03893446672050894 0.03440570640127567 0.03222755739625945 0.023622674869289723 0.012880849095740887 0.003894813914403656 2.878047959557031E-4 0.0 0.0 0.0 0.0 0.0 0.0 0.0 0.0 0.0 0.0 
0.0 0.0 0.0 0.0 0.0 0.0 0.0 0.0 3.8948692960009124E-6 5.5191597867063264E-5 0.0 7.428986532083642E-5 3.6022641182693665E-4 9.369509748815239E-4 0.004235573105029066 0.013241071001936205 0.02935829190762465 0.05119256275753576 0.08210073967525743 0.12450060295814042 0.17555796618944033 0.2555955473113354 0.33486674525742643 0.4231928832122629 0.5075784212477743 0.5983709761678695 0.6480813876780998 0.6752051966288195 0.6620410518109423 0.6842911945410828 0.6893303666721896 0.7083223624881951 0.7450618598114886 0.7777531858283303 0.8455258726469773 0.9380305889009836 0.9125994175269898 0.8855181933284225 0.7772047122241438 0.6204899822651937 0.458484362242794 0.31369864726528224 0.21191932652127812 0.13633757380497397 0.09306142259541884 0.06344605369056311 0.04538913197825123 0.036054910480608916 0.032637392312836966 0.02959974782426657 0.021053110721820204 0.01058925533334813 0.00306901751863877 1.4610444459725648E-4 0.0 0.0 0.0 0.0 0.0 0.0 0.0 0.0 0.0 0.0 
0.0 0.0 0.0 0.0 0.0 0.0 0.0 0.0 2.9874956207740865E-5 7.672427434928796E-5 1.7637347729212843E-5 1.1491709813529352E-4 1.549060458099356E-4 9.644984471872244E-4 0.00454407238796889 0.013542029094588048 0.02970140242756945 0.05510679542553888 0.08412788172837299 0.12770342553378677 0.17850769710677303 0.24931964622219638 0.3233134936187862 0.40268045391024243 0.4950021551681369 0.5636990182114932 0.632280209312813 0.6666076544064671 0.6771651540532012 0.6892512470388288 0.6742403435956872 0.7111283961934097 0.7561280767996403 0.7795695764705313 0.8240337165779208 0.8690777831401851 0.8839912855130606 0.8362484832701371 0.7319859741911493 0.5815764177652031 0.45045265211928354 0.3199686949463058 0.21021470571966505 0.1378565211374102 0.09415196316392199 0.06298564779822956 0.04603186117846414 0.03566154232318085 0.032154267088692096 0.0278991382983446 0.01927686975873277 0.00881143224558737 0.0023814275495511582 6.919019753460837E-5 0.0 0.0 0.0 0.0 0.0 0.0 0.0 0.0 0.0 0.0 
0.0 0.0 0.0 0.0 0.0 0.0 0.0 0.0 2.6738703982751688E-5 6.0967601826845365E-5 2.1509101792778816E-5 1.1765356466865548E-4 8.893417989978855E-5 0.001272770604471115 0.00425635435668662 0.014224099130043043 0.030616026905070804 0.05537436985108279 0.08694207619114744 0.1287105224181332 0.18181873816917216 0.24598093703895751 0.31744797559737953 0.3962239495258706 0.4819360029506727 0.531960773550152 0.5936240275259693 0.6272900923125121 0.6592905774247131 0.6528695751333392 0.6635978934107786 0.6661568320126456 0.699400230904754 0.7583353005954913 0.7908607036174125 0.7804751387559795 0.7504928909354641 0.7061083696432299 0.6334171695772484 0.5335362941637204 0.4224445521775295 0.2982603555647396 0.2028207200407311 0.13450645653750432 0.09197283869903715 0.06587191889659601 0.04678389422460344 0.03543505119213979 0.032001378369188274 0.02525254716479229 0.015926509559465167 0.006053528109322094 0.001689376989941616 6.916695558577439E-5 0.0 0.0 0.0 0.0 0.0 0.0 0.0 0.0 0.0 0.0 
0.0 0.0 0.0 0.0 0.0 0.0 0.0 0.0 1.0278214891069263E-6 5.614724019079747E-5 1.977983330920065E-5 3.0597386846827E-5 1.8325457874987042E-4 0.0012046426647079028 0.004361337393664856 0.014503891454842387 0.030545519185385513 0.055208963880709255 0.08598905554605231 0.12557394028992316 0.17248252954586288 0.2430534920050675 0.30308635037601095 0.3791932885930892 0.44444164503314504 0.5246335498409939 0.5794727519707703 0.6260493784467044 0.6290702810664139 0.657487847086413 0.6430409222198292 0.6760200201019928 0.6939760195004445 0.7323588214185992 0.7622041683219934 0.7760319507364376 0.744228941935975 0.7083004471401574 0.6175180354704458 0.5057830937189884 0.3960913235689667 0.2915900338553339 0.19305407067059643 0.1324007437862634 0.0903404388841331 0.06408939132739819 0.04540935900296347 0.03543056747487598 0.030533275533033522 0.02198654607496711 0.012108049924332651 0.004166576203725285 8.913962819060409E-4 5.578613772735436E-5 0.0 0.0 0.0 0.0 0.0 0.0 0.0 0.0 0.0 0.0 
0.0 0.0 0.0 0.0 0.0 0.0 0.0 2.3450018329913338E-6 1.3238094922801202E-6 2.323482534636176E-5 2.4121906231237047E-5 0.0 2.3613108201018165E-4 0.0011446472179305219 0.004278185394368017 0.01382825919052078 0.03026913109873474 0.05613003259095411 0.08689227218332983 0.12711167253937938 0.16238137461357088 0.22935734522999837 0.28256763028154547 0.3582591317988227 0.4155486644178843 0.490247322552281 0.5549535086835454 0.5923585835614275 0.6076281971057569 0.6311244873687507 0.6361121097271971 0.6344690164172321 0.6843518085619298 0.6941771372005391 0.7249865123877691 0.7290094967477384 0.6956186206318679 0.6508895690694354 0.544531848223226 0.46040284590726144 0.3716053444955542 0.2761357405032916 0.19250397945385433 0.1329345238891743 0.08739064190145236 0.061758559682536567 0.0444395145988409 0.03484458743666078 0.028708674921221113 0.019638750459149992 0.00956468938525973 0.002745127138051844 2.992906014272872E-4 2.137196524674126E-5 0.0 0.0 0.0 0.0 0.0 0.0 0.0 0.0 0.0 0.0 
0.0 0.0 0.0 0.0 0.0 0.0 0.0 5.06564284368606E-6 3.5592930121597597E-6 1.8181867343516593E-5 0.0 0.0 8.916023761084142E-5 6.692427778950299E-4 0.004160492772696668 0.012904111518853118 0.029351783687655827 0.05422140153167033 0.08054278266943195 0.12274346423384261 0.15553376552372664 0.22435230512339227 0.27179459912307774 0.3374637573000386 0.40011541293423436 0.453227315490697 0.5214677542612048 0.5574076612260059 0.5990483506353854 0.6169570504342161 0.6305702000705959 0.6196757922526002 0.6629041487433727 0.6803924461640881 0.6974625120213912 0.6698370598898467 0.6143567269511593 0.5724242269239724 0.4827744623727875 0.4078879228572352 0.3423698517423044 0.25807006448176534 0.1873522265311011 0.12814299621664965 0.08622843141799116 0.06093409750943499 0.0435770926942657 0.03413060183884361 0.028384332264353735 0.01742223285204425 0.00697453544809139 0.0016163999793016746 7.96778806243669E-5 0.0 0.0 0.0 0.0 0.0 0.0 0.0 0.0 0.0 0.0 0.0 
0.0 0.0 0.0 0.0 0.0 0.0 0.0 2.697911751894861E-6 3.403521890078407E-6 0.0 0.0 0.0 4.8917074167465795E-5 6.632482024025576E-4 0.0036624701912055285 0.012419527781848148 0.026928198508059588 0.049280497459876844 0.07415790465630256 0.11167047886739394 0.1501377003728002 0.21256951964904736 0.25750398904518706 0.3231699977327905 0.3708834056316063 0.4159369802092544 0.4964754267951341 0.5377432276784321 0.5787460665669615 0.5844082058814324 0.625474138849425 0.6309653015341062 0.6762256258216739 0.6721537243359629 0.6719451707479939 0.6290884108598089 0.5496735051096402 0.4918397934128452 0.4222722185457498 0.36666983648949725 0.3162104973382231 0.25434315999676377 0.18845516794437192 0.12610206518954808 0.0854855639217971 0.05949962688060617 0.04356863330776733 0.034004918512516934 0.02742306323383725 0.015122742397804123 0.004925031818473688 7.184325245045594E-4 4.0939239024547614E-5 0.0 0.0 0.0 0.0 0.0 0.0 0.0 0.0 0.0 0.0 0.0 
0.0 0.0 0.0 0.0 0.0 0.0 0.0 0.0 0.0 0.0 0.0 5.0677441421847455E-6 9.835449962359417E-5 4.24001111050024E-4 0.0029313964165409243 0.01209676516685467 0.025586767575011143 0.04598660632460417 0.07241937453138901 0.10237016857526414 0.14166587000487302 0.19668908325180134 0.23642430646468282 0.3035644401740225 0.346467018261705 0.40254883787005646 0.4539436172080395 0.4921512363142621 0.538262879237968 0.5679351736574212 0.5864285896709961 0.6158537579666645 0.6350758488123505 0.6080194957351989 0.59140405895291 0.5392893943626641 0.47530632801216294 0.42021279833417774 0.36313432303552895 0.3262915525169492 0.28616123969519386 0.23615028728930829 0.17820136176078197 0.12475375680723262 0.08400218756529694 0.05852431806322469 0.044103233846740746 0.03389033904688596 0.02626106741717253 0.012710976427204852 0.003163140729143047 2.3037358397534868E-4 1.3246018800379952E-5 0.0 0.0 0.0 0.0 0.0 0.0 0.0 0.0 0.0 0.0 0.0 
0.0 0.0 0.0 0.0 0.0 0.0 0.0 0.0 0.0 0.0 0.0 7.536729185564071E-6 7.25515703678304E-5 4.872597317426102E-4 0.0023729694690635935 0.010272171122701549 0.022851868573970317 0.04094335997417317 0.06590759719190244 0.09508726125342783 0.13139502437576472 0.17281811838594863 0.21896929792000785 0.2763173130756234 0.3159101557758078 0.3749612140766453 0.4151669892777696 0.4741964382616195 0.5318194427021783 0.547665482242118 0.5900752428358285 0.6041954845873836 0.6141619799300102 0.5871046267919066 0.5761260975332366 0.4983132494140591 0.419753140647194 0.35633450530963756 0.32203909569781053 0.2957877732745067 0.2609655135868734 0.22066810599135844 0.1708414970694343 0.1233481773428484 0.08424993216303558 0.060595319852694035 0.045391635773388894 0.034354833663411334 0.025408766772573428 0.010315880160031142 0.0016047080250696229 1.0643141769703868E-4 0.0 0.0 0.0 0.0 0.0 0.0 0.0 0.0 0.0 0.0 0.0 0.0 
0.0 0.0 0.0 0.0 0.0 0.0 0.0 0.0 0.0 0.0 0.0 1.0878605079222094E-6 5.893167548944041E-5 3.733853152274093E-4 0.0025052721952188045 0.008985709435696921 0.02099652442788345 0.036129656998319576 0.05756797186071366 0.0838545091719573 0.11460609026003515 0.15335455317857433 0.1938155210804008 0.2454482170947733 0.2882576520303423 0.33042799870693823 0.3920029341526726 0.44426070226363745 0.5069865793216562 0.5274346458030207 0.5893147215537271 0.6181173899429356 0.6292676204568457 0.6161613733777602 0.5632505366212782 0.47394403861201223 0.3854315337320197 0.3322179070595452 0.29687932812803663 0.27122325356978544 0.24400741994887823 0.21664929840664157 0.16623023554832458 0.12306064759774517 0.08250118506275136 0.06221914338419053 0.04845978160589733 0.036387860359485914 0.024129686562794454 0.00828488407994813 8.600580096681733E-4 4.084640327078781E-5 0.0 0.0 0.0 0.0 0.0 0.0 0.0 0.0 0.0 0.0 0.0 0.0 
0.0 0.0 0.0 0.0 0.0 0.0 0.0 0.0 0.0 0.0 0.0 0.0 2.573252707553295E-5 2.8614984861460456E-4 0.0019908559986773523 0.00667160400508782 0.019935791053649173 0.03452195528036604 0.055673456656301565 0.07660787908925015 0.10482806708186489 0.14251408233513527 0.17197783236560585 0.2233114673940144 0.2630909214092293 0.2954054221662175 0.3522677465657461 0.40402790078882617 0.47724508362774815 0.5012019671474074 0.5539743655429884 0.603290112713671 0.5982360869376224 0.583638706239444 0.5225569062320612 0.4330404894683146 0.351138895281124 0.2914337043769242 0.26442257665254204 0.24824430019571966 0.22778231952164113 0.19898451934976757 0.1595200211142666 0.1226429978463576 0.08445659637131642 0.06353693544115241 0.04813853423180941 0.036630985850723635 0.021811420433952698 0.0070704492906659465 6.5756532145324E-4 7.74147175331524E-6 0.0 0.0 0.0 0.0 0.0 0.0 0.0 0.0 0.0 0.0 0.0 0.0 
0.0 0.0 0.0 0.0 0.0 0.0 0.0 0.0 0.0 0.0 0.0 0.0 2.64774819519633E-6 2.3591897069265616E-4 0.001405142044910375 0.005481338224321071 0.017008870093045334 0.031086698697524822 0.050116094305866186 0.06831696396961061 0.0988293451459003 0.1265406335733407 0.16127389662612876 0.20728622246643985 0.24579119265461397 0.2846554306509775 0.34149702213706307 0.3944427569770006 0.4550031707977937 0.5083793427113036 0.5792556172687143 0.6085190719618423 0.5759909665698061 0.574646346698277 0.5082533995427336 0.4215008104066131 0.3372152108202297 0.27052567889832096 0.24402473926889917 0.23289150189816057 0.22042805068175134 0.19847740348818138 0.16250739680623658 0.12285111621170079 0.08718916244128194 0.06485331402112263 0.050767025819740984 0.03635191812054196 0.020584369130777932 0.00588883612856099 4.454001330063643E-4 0.0 0.0 0.0 0.0 0.0 0.0 0.0 0.0 0.0 0.0 0.0 0.0 0.0 
0.0 0.0 0.0 0.0 0.0 0.0 0.0 0.0 0.0 0.0 0.0 0.0 0.0 1.6930645552605693E-4 0.0010814804805752295 0.004905175485666483 0.015220466140189527 0.028080268029411836 0.04533779246384554 0.062497683019705465 0.09245813523784582 0.11560343400399806 0.14977072947750747 0.18473355483410245 0.21846015136549568 0.2554702081148891 0.30394514766520286 0.35754601995879326 0.4250690346819252 0.4781883777466224 0.5446745783954053 0.5846348278284165 0.57443765312565 0.5474205152462854 0.48564003617285456 0.3997746379614618 0.3125611142315187 0.2652452117847535 0.2413368294694693 0.22710325344659338 0.2147706521112764 0.19298991068355364 0.15911944088321708 0.12142544585872778 0.08774037412318218 0.0650385403320403 0.051006709498695436 0.03591357175777591 0.018290709244569603 0.004644220748883108 1.4741525747173382E-4 0.0 0.0 0.0 0.0 0.0 0.0 0.0 0.0 0.0 0.0 0.0 0.0 0.0 
0.0 0.0 0.0 0.0 0.0 0.0 0.0 0.0 0.0 0.0 0.0 0.0 0.0 3.257700562542722E-5 6.831159979016263E-4 0.0037117933769514576 0.012253694413303018 0.02491649708852397 0.03812949049116302 0.056006895260415565 0.07867729766008037 0.09859236351922926 0.1322514615668492 0.16512712005637567 0.20304632743172663 0.23446846477405367 0.2717599517427028 0.3200079224030896 0.3781449281042028 0.4381930309465756 0.5294294052388827 0.5414390203210221 0.5471617085454983 0.5066464851075364 0.4436625347027875 0.36916293478478435 0.2996118741509875 0.2561952157162397 0.22831463533799481 0.22456728018061653 0.21626244724708615 0.19521581477085742 0.16736023273122652 0.1292536380272281 0.09563123797260166 0.07329332582072505 0.056128329879375154 0.03848341435494202 0.01826769414624817 0.0039059166441365602 4.6101786536168537E-5 0.0 0.0 0.0 0.0 0.0 0.0 0.0 0.0 0.0 0.0 0.0 0.0 0.0 
0.0 0.0 0.0 0.0 0.0 0.0 0.0 0.0 0.0 0.0 0.0 0.0 0.0 4.1462364012901063E-5 5.127050584462436E-4 0.0034257551764253864 0.010726088096375026 0.022425269649274184 0.03416181671152879 0.049365988422739704 0.06956239742801551 0.08906986867608802 0.11858874061506096 0.15005824249428865 0.18893194231085655 0.22513677202420113 0.26523742620762536 0.31065835606355535 0.3737254727416141 0.4226249766282787 0.5049128332840727 0.5205286114050571 0.5311469483547371 0.4997795908237709 0.43678137326559613 0.35657004058168085 0.29304436648268367 0.2486347959726295 0.22444703132313132 0.21735541524027413 0.21029050792882029 0.1924311545042481 0.16942599095913957 0.13319841793249262 0.09990238359726142 0.0761593855392158 0.05940198870490172 0.03865344758945435 0.01803321663029735 0.003256234421437673 2.0562600621179745E-5 0.0 0.0 0.0 0.0 0.0 0.0 0.0 0.0 0.0 0.0 0.0 0.0 0.0 
0.0 0.0 0.0 0.0 0.0 0.0 0.0 0.0 0.0 0.0 0.0 0.0 0.0 3.8935085199958795E-5 2.7156140050217306E-4 0.00227152206772059 0.00880034887202815 0.01924583802987676 0.030486761034722955 0.04546548755923761 0.06283869601085663 0.08088944064930312 0.10755273884829529 0.1349225548726874 0.15761986248517615 0.2013764821650064 0.23272654335335866 0.28762629343728513 0.3163916690382926 0.38397636361281856 0.4595707595202316 0.4742522261194589 0.4793288934858301 0.4362583214289113 0.38455945880247216 0.31593499945262343 0.2676005269192715 0.23471121499909656 0.21755611387644153 0.2028376687690194 0.19588777894268064 0.17936528046208025 0.1646458455619118 0.1346313776938373 0.10611221039618327 0.08050010284190309 0.06162813122171126 0.03668528203426267 0.01668445318812387 0.0025319343257179175 1.5765013577865873E-4 0.0 0.0 0.0 0.0 0.0 0.0 0.0 0.0 0.0 0.0 0.0 0.0 0.0 
0.0 0.0 0.0 0.0 0.0 0.0 0.0 0.0 0.0 0.0 0.0 0.0 0.0 0.0 1.3686383790714355E-4 0.0010462087100317741 0.005884818122810389 0.015530487475508958 0.026811081544032438 0.038423716596799704 0.05511745615504048 0.07183064274322885 0.09408332646851181 0.11791326135794078 0.14760326067742705 0.18640432938709575 0.21743423123818206 0.2744773912610665 0.31673348543112984 0.37672877796362975 0.4482652077301926 0.4475501252297918 0.4767858689613823 0.43298045050958245 0.37000406024517984 0.3123268698308027 0.2724789180337334 0.24317828276302964 0.22431052993186412 0.21058114031932115 0.20514243424259282 0.1895659656770538 0.17585258367050227 0.14535543959496788 0.11524119193142676 0.0903749185411869 0.06699457695724637 0.0369351643342699 0.014798721426271737 0.0017973103784579302 1.0505479191984627E-4 0.0 0.0 0.0 0.0 0.0 0.0 0.0 0.0 0.0 0.0 0.0 0.0 0.0 
0.0 0.0 0.0 0.0 0.0 0.0 0.0 0.0 0.0 0.0 0.0 0.0 0.0 0.0 1.4702272335361712E-4 9.804606022583149E-4 0.004363452670735426 0.013001074969962514 0.023720042560384458 0.03264714664505631 0.046229220957567055 0.06452134866729577 0.08608100398790268 0.10982767684173797 0.13405967845373953 0.16950981041670643 0.20533399327984853 0.25283294190880456 0.2988160038407431 0.36329318517279674 0.4128917012128516 0.4296098819307889 0.4409297999451638 0.38058004069377865 0.3459442265131223 0.2988011424579575 0.2541772950052867 0.22912428194783527 0.21895150684721443 0.20158451707588795 0.19691659481349721 0.1848347006294713 0.17178395916801836 0.14718129176781033 0.11830486118217087 0.09147653179854048 0.06463682999195498 0.03451187117639493 0.012519452615140998 0.0013721763769283593 3.3007550948677994E-5 0.0 0.0 0.0 0.0 0.0 0.0 0.0 0.0 0.0 0.0 0.0 0.0 0.0 
0.0 0.0 0.0 0.0 0.0 0.0 0.0 0.0 0.0 0.0 0.0 0.0 0.0 0.0 2.1468436946477097E-5 5.198252695361045E-4 0.003201334085129973 0.009493263404702747 0.018410219240208497 0.02775066257504135 0.040874433417286964 0.05730962166141197 0.07272744528303715 0.09741758313345143 0.12296546649010599 0.15603407830170282 0.19277072114387742 0.23395739345335861 0.2851425721699067 0.3429166442646622 0.3841188820433311 0.39429017171769987 0.3917013907951944 0.3475466332106816 0.31181684513524593 0.27406435473649066 0.23382840005306788 0.21271234074611137 0.1986045984639921 0.18066100869177612 0.17912242392481492 0.18260388781801234 0.16799420045161495 0.14902329655810598 0.12244719476001384 0.09420625763088279 0.061286648376892676 0.030859764026300248 0.01023647201247429 0.0010421995160124385 3.503760956108119E-5 0.0 0.0 0.0 0.0 0.0 0.0 0.0 0.0 0.0 0.0 0.0 0.0 0.0 
0.0 0.0 0.0 0.0 0.0 0.0 0.0 0.0 0.0 0.0 0.0 0.0 0.0 0.0 0.0 3.04745962443939E-4 0.002153287923301616 0.005810230212032269 0.01520619526103564 0.02464363090061108 0.033790590557964045 0.04930441917247173 0.06415898352591551 0.08837286462835975 0.10910528460485264 0.14266483386034431 0.17189966278331498 0.22517076607430578 0.2743596666737132 0.34351867345165954 0.37877101778448197 0.3716930913987402 0.38504478290709504 0.3540160988662044 0.30486165653802805 0.27925166506798504 0.24968659328365161 0.221384410730685 0.21278282771831836 0.18929454148705127 0.18228577037221205 0.1886482809880947 0.17844330797179817 0.1566868386650323 0.13222485509081203 0.09934553228381834 0.06501416088248632 0.03163795826011136 0.009063253079627144 8.448408200039217E-4 1.1853305425482562E-5 0.0 0.0 0.0 0.0 0.0 0.0 0.0 0.0 0.0 0.0 0.0 0.0 0.0 
0.0 0.0 0.0 0.0 0.0 0.0 0.0 0.0 0.0 0.0 0.0 0.0 0.0 0.0 0.0 1.375812472522821E-4 0.0015389115255384947 0.0046034725001670215 0.011113015579689743 0.01971111647527977 0.029488305187006257 0.0427303246092623 0.057608633681832944 0.08331415243234916 0.10219088983217144 0.13318841265339013 0.1676267905547016 0.2193444750334131 0.25301384359812845 0.3148073465208402 0.37139115600773065 0.38297297537423813 0.3839378635488995 0.3477899011775864 0.3095953235998001 0.2907932290264889 0.2591973290912215 0.2348204201168642 0.22803298953781756 0.19897183305420432 0.18752630070297258 0.1888027125485298 0.18036226757320284 0.1614145490466621 0.1406994590414421 0.1021589779522454 0.06362607808000426 0.030099643785968935 0.00807133764598398 4.497101335291776E-4 8.752361311561177E-7 0.0 0.0 0.0 0.0 0.0 0.0 0.0 0.0 0.0 0.0 0.0 0.0 0.0 
0.0 0.0 0.0 0.0 0.0 0.0 0.0 0.0 0.0 0.0 0.0 0.0 0.0 0.0 0.0 8.157551035803424E-5 8.822426057219305E-4 0.0034461926899090425 0.008718935744059462 0.015415799335017636 0.025808332201090464 0.03566062350026919 0.050563959376020574 0.07046353672325176 0.08976112685449808 0.11254230644954577 0.1424200690140911 0.18060193085160384 0.22372837241600646 0.27722613532223045 0.3230444599827242 0.3396021597991912 0.3351676583886684 0.311603263233899 0.28282651426556077 0.26333704664128404 0.25023824916665166 0.23196557616621302 0.21498055243677555 0.18889398550565237 0.18313759938494859 0.18395292686683937 0.1823753550938045 0.1577665056975633 0.13584038032697904 0.09668484238889148 0.05826460512356964 0.026505332694524843 0.00605623690777034 2.600457515099113E-4 1.7071750871580333E-5 0.0 0.0 0.0 0.0 0.0 0.0 0.0 0.0 0.0 0.0 0.0 0.0 0.0 
0.0 0.0 0.0 0.0 0.0 0.0 0.0 0.0 0.0 0.0 0.0 0.0 0.0 0.0 0.0 4.985550908431776E-5 3.7120865027725467E-4 0.0024281982448707625 0.006604468321189371 0.013551965991642543 0.021791022932682036 0.031463594724643364 0.04408679709219149 0.06214803242314373 0.07947029998312022 0.10034696421922186 0.12631523606885284 0.14987818273631012 0.18984445864303734 0.21904193710605127 0.26411739487709046 0.27306901196543193 0.2815706336388259 0.2707678193742206 0.2496605638084499 0.23768938985126334 0.23633524457370267 0.2150404143930567 0.19784195818520284 0.1766254713667301 0.17261761204274317 0.17590015719995356 0.17365334772352892 0.1640144258978447 0.13337415116514523 0.0925903455308957 0.0531656082264602 0.023191092507578726 0.004145662800701817 2.8861134947202476E-4 9.669109706316699E-6 0.0 0.0 0.0 0.0 0.0 0.0 0.0 0.0 0.0 0.0 0.0 0.0 0.0 
0.0 0.0 0.0 0.0 0.0 0.0 0.0 0.0 0.0 0.0 0.0 0.0 0.0 0.0 0.0 3.539964705973219E-5 1.4605080963767057E-4 0.001808351120638015 0.0044652136046942304 0.010321640510602527 0.019313013136752204 0.028759851179479736 0.04098603853996938 0.05961618452055645 0.07891287049458676 0.09703491613088105 0.12429248683333999 0.15239841839608956 0.18334029046558892 0.21336726311045248 0.24805137522560056 0.25885796628191177 0.2652512212502183 0.2579417357568201 0.24809173483723698 0.23560495458648145 0.22789846108897197 0.20413946146289966 0.1943891548129774 0.179491003263894 0.17799256326101298 0.18326159664936065 0.18219444222557638 0.17277110248284344 0.13923250189196865 0.09369232860681592 0.05200346903045264 0.020542659241531324 0.00312904829181817 1.9591834248939563E-4 0.0 0.0 0.0 0.0 0.0 0.0 0.0 0.0 0.0 0.0 0.0 0.0 0.0 0.0 
0.0 0.0 0.0 0.0 0.0 0.0 0.0 0.0 0.0 0.0 0.0 0.0 0.0 0.0 0.0 0.0 3.291020995164444E-5 0.0011815329064420908 0.002969242377077199 0.006830777651521752 0.014872843865655266 0.024845560824972565 0.03765485163898328 0.052287661038527604 0.07176569139849022 0.09096605041751661 0.11806590625336007 0.15291742936441774 0.18942921736082485 0.22051752869154875 0.24842467081083702 0.2606758385843248 0.269224052564608 0.26358976343154894 0.26195534661970044 0.24716720727165237 0.23461211003876745 0.21555008041850196 0.20231344253879938 0.18508470532002505 0.18638601060923377 0.186465982289073 0.18696204673264 0.17501211769619296 0.1404716882823928 0.0894458796254886 0.046035263741978 0.018394063074973988 0.002949949744608583 7.561432188300885E-5 0.0 0.0 0.0 0.0 0.0 0.0 0.0 0.0 0.0 0.0 0.0 0.0 0.0 0.0 
0.0 0.0 0.0 0.0 0.0 0.0 0.0 0.0 0.0 0.0 0.0 0.0 0.0 0.0 0.0 0.0 5.3073264039479535E-5 5.078152043078E-4 0.0022230860309358975 0.005079725012577749 0.011371888724144033 0.019400565011696853 0.029562655108393805 0.04250183111313071 0.060336987990498595 0.07689222342886873 0.10431403182333815 0.1303663716912049 0.158522937292717 0.18268967136746503 0.2156266613068353 0.23167698118225863 0.2422957906517216 0.23662358238790956 0.23154626688539606 0.22613319287914221 0.21824100827883808 0.20774161756680656 0.1863213816672072 0.1786496379363419 0.17811978054806304 0.17389700844237202 0.16893015692136928 0.15567263312493376 0.12210208821282786 0.07621792896323876 0.03842926427048725 0.013685351485535397 0.0021387919381215823 1.4625617065469275E-5 0.0 0.0 0.0 0.0 0.0 0.0 0.0 0.0 0.0 0.0 0.0 0.0 0.0 0.0 
0.0 0.0 0.0 0.0 0.0 0.0 0.0 0.0 0.0 0.0 0.0 0.0 0.0 0.0 0.0 0.0 4.163744813417274E-5 2.0803615201352878E-4 0.0015735285485136805 0.003834396134427994 0.00952457582955319 0.016435951204937536 0.02720082411229081 0.03845531546849989 0.05682128177144216 0.0694947023071975 0.09609831521322759 0.11578320788556305 0.13832118205347144 0.15320288672760288 0.1709178997647243 0.1836966855522292 0.19606978269134293 0.20076946474150215 0.1992855616985199 0.1930960467784028 0.18327192480109938 0.1827424836986826 0.16955232503425455 0.1599956289543295 0.16013372925184458 0.15847786130479055 0.15220678680561736 0.13664993545215376 0.10281630603832852 0.06314415005856577 0.030741280956115544 0.009032580950577742 8.361122484218111E-4 0.0 0.0 0.0 0.0 0.0 0.0 0.0 0.0 0.0 0.0 0.0 0.0 0.0 0.0 0.0 
0.0 0.0 0.0 0.0 0.0 0.0 0.0 0.0 0.0 0.0 0.0 0.0 0.0 0.0 0.0 0.0 5.637210208812894E-7 1.297194031821679E-6 0.0010628946760742092 0.002468200383498614 0.006215663734229062 0.01318416815231847 0.02071164593609233 0.030789133842552774 0.04870784502648055 0.061109311533649124 0.08696729909349393 0.10653491312930065 0.13003015307871663 0.14863443266666196 0.15753559081655585 0.17183828692909653 0.18933959405750894 0.1938194280930031 0.20293125726814096 0.1992473434773841 0.18780040818019011 0.17088278459012793 0.16056786391284553 0.15333591759985546 0.1563474114910687 0.15250385866470106 0.14073998846029348 0.12539733301822123 0.0898444136991028 0.05476750629599338 0.024358368425823878 0.005909709011416259 5.315864583627469E-4 0.0 0.0 0.0 0.0 0.0 0.0 0.0 0.0 0.0 0.0 0.0 0.0 0.0 0.0 0.0 
