913.9063136536689 5.072956887653298E-8 16.15850045440417 -6.746646587041383E-4 -1.85535778582685E-4
912.8706316283432 4.123028957484381E-8 15.698079235565922 -6.185077982359122E-4 1.2026724115959952E-4
911.8372943139666 3.7110651913434505E-8 15.182732918115097 -4.5383586422631517E-4 3.8803557607444694E-4
910.8062937571522 3.899186928036828E-8 14.672953921465254 -2.1171294983246547E-4 5.735357564867205E-4
909.7776220404435 4.4313302365633264E-8 14.219683295303057 6.476634279239946E-5 6.477822516459397E-4
908.7512712821118 4.9197990607549335E-8 13.819835928702702 3.281913169310702E-4 6.014678234422532E-4
907.7272336359548 5.096007977728227E-8 13.443399073836654 5.350553849747808E-4 4.4599132006784004E-4
906.7055012910968 4.958593344983703E-8 13.061022149888313 6.53091580893328E-4 2.1099386392084418E-4
905.6860664717899 4.7263204526835504E-8 12.657109182747512 6.665123587155097E-4 -6.110844243786828E-5
904.6689214372175 4.637186471708352E-8 12.23967751299045 5.783187711423388E-4 -3.226225942339622E-4
903.6540584812972 4.73960891834057E-8 11.836479068199449 4.093513202538812E-4 -5.288198490663587E-4
902.6414699324868 4.8272725376535136E-8 11.470116748600336 1.9430713435597546E-4 -6.455348094824842E-4
901.6311481535911 4.5718038767956E-8 11.140275916831428 -2.4546296268024292E-5 -6.548690546757385E-4
900.6230855415698 3.770786676443637E-8 10.825941198076308 -2.048546928203887E-4 -5.580813264344925E-4
899.6172745273467 2.543596480909741E-8 10.484771936496085 -3.115659527312964E-4 -3.7522689750772026E-4
898.6137075756201 1.3329211054155891E-8 10.020280952197954 -3.229652898926183E-4 -1.4165365407807495E-4
897.6123771846753 6.930499468477969E-9 9.21078503047582 -2.3434057113669304E-4 9.801853376616154E-5
896.6132758861968 9.891933773530898E-9 8.230933697282998 -5.8673045698842685E-5 2.9739997195263324E-4
895.616396245083 2.2007507597747828E-8 7.636474061521026 1.7574214107529684E-4 4.1604685807114516E-4
894.621730859262 3.965546425661356E-8 7.245825049274606 4.3031958710892937E-4 4.2610145126437127E-4
893.6292723595081 5.8506793873060496E-8 6.911067869073628 6.62978215851262E-4 3.1675903078867695E-4
892.63901340926 7.6821112292977E-8 6.579551108882278 8.355351271600586E-4 9.583420654135644E-5
891.6509467044394 9.710157586448336E-8 6.239163769363184 9.204264632188819E-4 -2.118143788382154E-4
890.6650649732726 1.2475333923122122E-7 5.904594188732727 9.05596607578607E-4 -5.687200399678294E-4
889.6813609761113 1.642377741810658E-7 5.602193090993616 7.967055287013691E-4 -9.313523636606535E-4
888.6998275052551 2.1493535024086778E-7 5.3501689882464465 6.162560192023436E-4 -0.001257673272139881
887.7204573847763 2.694234469064577E-7 5.1526353572872665 3.9976276128717014E-4 -0.0015144466960116398
886.7432434703445 3.157340388109065E-7 5.00672523793701 1.895870086733309E-4 -0.0016830899820916567
885.768178649053 3.4296198563122176E-7 4.910129704510517 2.7460531763112694E-5 -0.0017631003473530527
884.7952558392459 3.476152249914101E-7 4.864636999840105 -5.304672335282312E-5 -0.0017724925131793468
883.8244679903474 3.375418128067793E-7 4.875741379117283 -3.283842085355371E-5 -0.0017451773722628183
882.855808082691 3.3153638693820443E-7 4.945911141789823 8.870263192539696E-5 -0.0017257149603323585
881.8892691273502 3.5512500472993447E-7 5.059157151894647 2.927263217275544E-4 -0.0017623057535693376
880.9248441659706 4.3513344009335853E-7 5.173117096012257 5.431580802985336E-4 -0.0018991722256542776
879.9625262706028 5.961559171266205E-7 5.244510417940992 7.918472677034827E-4 -0.002169581057602177
879.0023085435367 8.60583634230041E-7 5.258160357890551 9.858035942174603E-4 -0.002590649797846678
878.0441841171369 1.2512658839668068E-6 5.222485206745311 0.0010753410033824407 -0.0031607879492362434
877.0881461536778 1.7937719149616018E-6 5.153317230977796 0.0010217757268828342 -0.003860189668003111
876.1341878451827 2.515031745235465E-6 5.06548074250982 8.033737484781922E-4 -0.004654294252055935
875.1823024132609 3.4372121878154633E-6 4.970506686487367 4.185076627327422E-4 -0.005499643088343609
874.2324831089476 4.569000979339014E-6 4.87651754862439 -1.1457653781571375E-4 -0.006351167115834722
873.2847232125443 5.89913114688389E-6 4.7887505830922255 -7.614354704616189E-4 -0.00716970134001782
872.3390160334604 7.397291313309589E-6 4.71025051281655 -0.0014780347283522843 -0.007928481118756547
871.395354910056 9.025075746259614E-6 4.642501935241404 -0.002219281490106459 -0.00861753562267853
870.4537332094848 1.0755453382351627E-5 4.585866919866442 -0.0029481422289420744 -0.009245230958785489
869.5141443275392 1.2595522097676833E-5 4.539790591965579 -0.0036438791582429977 -0.009836674194021067
868.576581688496 1.4606036758064966E-5 4.502828191614093 -0.004308049263804466 -0.010429195424950244
867.641038744963 1.6913010928076778E-5 4.472624914787721 -0.004967241268326476 -0.011065595925100341
866.707508977726 1.971050391173735E-5 4.446026264326155 -0.005672028531786666 -0.01178620971395189
865.7759858955978 2.32572761313017E-5 4.419457132920533 -0.006492211234372269 -0.012621015134251054
864.8464630352681 2.7871236601250417E-5 4.389547372573633 -0.0075090146366884325 -0.01358302125624987
863.9189339611534 3.3923854100718157E-5 4.353783374228497 -0.00880540607136393 -0.014663942821092082
862.9933922652485 4.1833212057011833E-5 4.3109029954522455 -0.010456010134029164 -0.015832801064692065
862.0698315669797 5.205168670336975E-5 4.260893859894168 -0.01251818535179515 -0.01703760715180906
861.1482455130568 6.504466978209042E-5 4.204671093556314 -0.015025658985387304 -0.018209778248094027
860.2286277773293 8.126104510247245E-5 4.1436285678333515 -0.017985721978088204 -0.019270486128644716
859.3109720606398 1.0110270145911824E-4 4.079237479292557 -0.02138042264565311 -0.020137818461482798
858.3952720906811 1.2490604026985206E-4 4.0127781556464015 -0.02517155266838063 -0.02073349645952039
857.4815216218534 1.5295002496166628E-4 3.9452110830303653 -0.02930859389871336 -0.020987962907282155
856.5697144351218 1.8550134662077887E-4 3.877151789880113 -0.03373828951738009 -0.020842921663017277
855.6598443378755 2.2289886408175078E-4 3.8089064630944396 -0.03841420079895104 -0.020250831687470425
854.7519051637877 2.656698446649833E-4 3.740534644791433 -0.04330456301631666 -0.019171368219253665
853.8458907726761 3.1466343043005474E-4 3.6719186447433483 -0.048396973188158776 -0.017565379101149844
852.9417950503646 3.7118461712971527E-4 3.6028296112400433 -0.05369889883054644 -0.015387302241346996
852.0396119085458 4.371149228901655E-4 3.532985855300298 -0.05923362309155325 -0.012577299557623598
851.139335284644 5.150118245870217E-4 3.4621010449676675 -0.0650319423423294 -0.009054455846033383
850.2409591416797 6.081852748778049E-4 3.389920273303252 -0.07112059907600367 -0.004712271529478459
849.344477468135 7.207545099600004E-4 3.316242625210359 -0.07750896123552106 5.826360260628473E-4
848.4498842778185 8.57692121442226E-4 3.240930676073752 -0.08417576458703759 0.006988167824986784
847.5571736097332 0.0010248665809124203 3.163909992366989 -0.09105776706473882 0.014680793176660805
846.6663395279433 0.00122910045083222 3.0851638506927337 -0.09804191493456221 0.02384661336414719
845.7773761214431 0.0014782688704527596 3.0047287572421695 -0.10496212597729367 0.03467046479777782
844.890277504026 0.001781468516826676 2.9226945973731357 -0.1116011294080284 0.04732435194276524
844.0050378141547 0.0021492865579971375 2.8392101422578513 -0.11769706827400099 0.06195656135271306
843.1216512148317 0.0025941884561957963 2.754491469211665 -0.12295388177256823 0.07868265733216312
842.2401118934719 0.0031310225298698245 2.6688287084262683 -0.1270539504452059 0.09757922325683102
841.3604140617742 0.003777612205376242 2.582585989171772 -0.12967119152368223 0.11868074695067166
840.4825519555953 0.004555381767561688 2.496190612946238 -0.13048278299014215 0.14197953156228865
839.606519834824 0.0054899467887656005 2.4101100310013965 -0.1291779764361526 0.16742803149615815
838.7323119832553 0.006611602132972534 2.32481848972291 -0.1254629878745897 0.19494264694228597
837.8599227084666 0.007955659052511246 2.240758270993773 -0.11906164977049398 0.22440782223995953
836.9893463416943 0.009562613368072697 2.158302292365944 -0.10971225691877182 0.255679315158514
836.1205772377107 0.011478160378403419 2.0777248080110517 -0.09716172331476579 0.28858573357793404
835.2536097747022 0.01375309993055038 1.9991851172632522 -0.08115867530422527 0.3229278353770515
834.3884383541479 0.01644319046004407 1.9227262554918774 -0.06144735286440944 0.3584755897420499
833.5250574006989 0.019609011095512354 1.848287614244171 -0.03776413088732758 0.3949635182378568
832.6634613620587 0.02331587680726683 1.7757281436413734 -0.009838108822060349 0.4320852819040739
831.8036447088649 0.027633825709618216 1.7048556135284603 0.022603398698915173 0.4694887767380271
830.9456019345695 0.03263766349747335 1.635457297240789 0.05982441324152718 0.5067730883951272
830.0893275553223 0.038407012028708394 1.5673280891257573 0.10206564495895999 0.543488515526384
829.2348161098541 0.04502627362330468 1.5002931232408425 0.14952713308241933 0.5791405156346426
828.3820621593601 0.05258439878594808 1.4342231491629107 0.20235018473105013 0.6131979096467987
827.5310602873848 0.06117434344069834 1.3690420672043064 0.26060085320182585 0.6451050820006559
826.6818050997072 0.07089213117264218 1.3047270311704597 0.32425709256436375 0.6742973281595404
825.8342912242273 0.08183549820309301 1.2413023316706209 0.39320129435532475 0.7002180275638243
824.9885133108521 0.09410218436631444 1.1788288308989152 0.467219214322014 0.7223360378422459
824.1444660313836 0.10778802050674646 1.1173909971167024 0.5460054352542448 0.7401616668597235
823.3021440794062 0.12298502186206746 1.057083574773829 0.629174616299587 0.7532597953003484
822.4615421701765 0.13977969951297714 0.9979996527856159 0.7162769878270419 0.7612591644655589
821.6226550405119 0.15825173095626527 0.9402214267383098 0.8068159882135302 0.7638574440314523
820.7854774486813 0.1784729896059949 0.8838143848431272 0.9002656958030746 0.7608223566791327
819.9500041742956 0.20050674781068728 0.828825080285867 0.9960858284213363 0.7519897516127549
819.1162300181994 0.224406683508697 0.7752821644440946 1.0937325510909572 0.7372599822671001
818.2841498023632 0.2502151896555405 0.7231999963709921 1.192664081999472 0.7165941721275617
817.4537583697758 0.27796045574086176 0.6725839332494967 1.2923410039957468 0.6900119000225574
816.6250505843379 0.3076518929545151 0.6234363399640603 1.3922221320082642 0.6575915012984863
815.7980213307569 0.33927371517556026 0.5757624150245935 1.491757606769057 0.6194736099413164
814.9726655144407 0.3727768457826969 0.5295750886580723 1.590381448982518 0.5758678463904839
814.1489780613934 0.40806974793796696 0.48489847595698166 1.6875060193893803 0.5270618026252727
813.3269539181117 0.4450092042651596 0.44176962856223057 1.782520645403979 0.4734308170363791
812.5065880514811 0.4833924170063222 0.4002385852588368 1.8747961109326485 0.415446584057517
811.6878754486735 0.5229519746399786 0.36036693992367574 1.9636958384952914 0.35368249585048395
810.8708111170445 0.5633551607059474 0.32222529755236984 2.0485935463999603 0.2888138090573288
810.0553900840328 0.6042087220818985 0.2858900625413163 2.128896093506614 0.221611258427407
809.2416073970585 0.6450695752065188 0.2514400012444309 2.2040692924807486 0.15292753598958442
808.4294581234236 0.6854610815067609 0.21895296045376966 2.273663824492434 0.08367700762844425
807.6189373502116 0.7248936016955981 0.18850303037499572 2.3373381294212128 0.014810005715257535
806.8100401841888 0.7628872193546723 0.16015834081793479 2.3948753246588312 -0.05271613547418322
806.0027617517061 0.7989939897866208 0.13397959234093193 2.446191806609018 -0.11796658351403216
805.1970971986005 0.8328169633728736 0.11001935942130459 2.4913361326314307 -0.18005615935054078
804.3930416900984 0.8640236159027039 0.08832215912561736 2.5304779359151914 -0.23817149625420653
803.590590410718 0.8923521502101558 0.06892524672545264 2.5638878271454524 -0.2915862231954725
802.7897385641746 0.9176102722018028 0.05186006585131864 2.591910312109741 -0.33966817018339207
801.9904813732837 0.9396672772281474 0.03715423292102571 2.614932548762897 -0.3818787588716073
801.1928140798666 0.9584413730430741 0.0248338675051194 2.6333521676068257 -0.4177659187753489
800.396731944656 0.9738849035275127 0.014925995054618113 2.6475473317547698 -0.44695287333300526
799.6022302472022 0.9859703813365478 0.007460659241495193 2.6578517319772965 -0.4691258041622552
798.8093042857793 0.9946799377018314 0.0024723094688354763 2.6645363778939264 -0.4840236041968964
798.017949377293 1.0 0.0 2.6677989940314886 -0.4914326147217202
797.2281608571882 1.0019218449181722 8.597373934549069E-5 2.6677607270149277 -0.49118842920777367
796.4399340793572 1.0004473475354068 0.0027723220560673667 2.6644688933088254 -0.4831856382419576
795.653264416049 0.9955979988043918 0.008095618234296609 2.6579038008538767 -0.4673949517113544
794.8681472577781 0.9874243536325742 0.01607971105501349 2.647987372328083 -0.4438856785912193
794.0845780132355 0.9760127300822119 0.026727219425740856 2.6345914285142085 -0.4128502979028673
793.3025521091979 0.9614863610826857 0.04001065648154878 2.617544030931647 -0.3746270245469746
792.5220649904397 0.9439993272401122 0.05586447923039728 2.596633137437543 -0.3297160174271371
791.7431121196441 0.923723326366525 0.07417962969489977 2.5716078411345187 -0.2787852737180364
790.9656889773155 0.9008293387007651 0.09480220685835761 2.5421784572829673 -0.22266328809602295
790.1897910616915 0.8754680682917222 0.11753768681317212 2.508017507129521 -0.16231711896671128
789.415413888657 0.8477541819866566 0.14216153222673 2.468764060831143 -0.09881640028276095
788.6425529916565 0.8177594177645118 0.16843612894344062 2.4240338376502324 -0.03328581233897457
787.8712039216098 0.7855184019119683 0.19613289901738895 2.373436888301912 0.03314970295414192
787.101362246825 0.7510486147538085 0.225057402377546 2.316603652968695 0.09942139442311879
786.3330235529148 0.7143828115963918 0.25507450925073094 2.2532188297756734 0.16456861482747737
785.5661834427118 0.6756090149029851 0.28613047193232255 2.1830609963516556 0.22778017993620753
784.8008375361842 0.6349107084239918 0.3182689522837254 2.1060445317634473 0.288420179459264
784.036981470353 0.5925987433969588 0.3516386074038369 2.022259320566908 0.34603499800682913
783.2746108992087 0.5491270923116585 0.38649045087350764 1.9320031849581958 0.4003405824706865
782.5137214936291 0.5050869517848389 0.4231636850616898 1.8358021196804528 0.45119150837605426
781.7543089412974 0.4611773983768617 0.4620590043979025 1.7344142426847335 0.4985358181027272
780.9963689466205 0.4181551220286139 0.5035987134953999 1.6288148665146527 0.5423615940369978
780.2398972306479 0.37676982986160784 0.5481738639285076 1.5201620862071412 0.5826425013072392
779.4848895309918 0.3376948945927778 0.5960806343110683 1.4097445328126308 0.6192898871364385
778.7313416017464 0.3014640974216084 0.6474518878556665 1.2989151692467296 0.6521183749214
777.9792492134084 0.26842460498580134 0.7021950918105162 1.189016905574237 0.6808302925883565
777.2286081527984 0.23871373466069556 0.7599530333250328 1.0813071111228396 0.7050219090736248
776.4794142229814 0.2122630771146526 0.8201057927962161 0.9768885963171241 0.7242116121128189
775.7316632431895 0.18882890418184128 0.8818274602642138 0.8766542225953071 0.7378872098933299
774.9853510487432 0.16804336455438626 0.9441977003458195 0.781250986920877 0.7455668685392309
774.2404734909749 0.14947758986139706 1.0063504147092086 0.691067351388003 0.74686616948933
773.4970264371514 0.1327061278422078 1.0676280647558087 0.6062449877164673 0.7415626710696217
772.7550057703977 0.11736238752761867 1.1277084638179566 0.5267132975614057 0.7296493549927353
772.0144073896215 0.1031769303598575 1.1866815791200942 0.45224240543694655 0.711369456727599
771.2752272094366 0.0899939997772602 1.2450697615827888 0.3825081443413995 0.68722729573034
770.5374611600885 0.07776589896124406 1.303796325409607 0.317161151055688 0.6579725799387066
769.80110518738 0.06652883540803813 1.3641091293272787 0.2558917488157529 0.6245588991450157
769.066155252596 0.056366862591971593 1.4274584994243593 0.19848288687558882 0.5880803289132848
768.3326073324305 0.04737202679242248 1.4953179987864083 0.14484496283290996 0.549692824947198
767.6004574189125 0.039608598453318745 1.568931615558565 0.09502868135464287 0.5105290362809785
766.8697015193336 0.03308754104122508 1.6489857518472348 0.04921490682475341 0.47161604654891726
766.1403356561754 0.027754658775344554 1.7352534156140038 0.0076833884458338275 0.4338052461879669
765.4123558670365 0.023492836339268734 1.8263375662507038 -0.029235100905062053 0.397722079718732
764.6857582045619 0.02013609100508783 1.9196979430734338 -0.06121660816262614 0.36374098676693745
763.9605387363712 0.01749128905438784 2.0120856305175607 -0.08800402256802381 0.3319877749856425
763.2366935449868 0.015362573325973808 2.100299720840896 -0.10946128674410827 0.30236832421303084
762.514218727765 0.013573787597750717 2.1819651798336164 -0.12561464688593937 0.2746193530396739
761.7931103968244 0.011985242643907098 2.2560215920770723 -0.1366755423238783 0.24837438587657984
761.0733646789772 0.010502711057942423 2.3228192142938724 -0.1430421555021989 0.22323636707168687
760.354977715659 0.009078206048354482 2.3839362335296688 -0.14527941167846467 0.198847784452095
759.6379456628605 0.007703586978117139 2.441900181493459 -0.1440799678004524 0.17494974683979292
758.9222646910586 0.006399124237381189 2.4999348034063154 -0.14021110369077674 0.15142311434776398
758.2079309851484 0.0051997302075681056 2.5617503425691144 -0.13445412250745237 0.12830727338757286
757.4949407443754 0.0041415966036422655 2.631298635976197 -0.12754367295291816 0.1057951408564827
756.7832901822677 0.003251527532820132 2.7123292403728083 -0.1201142357645534 0.08420607485562773
756.0729755265696 0.0025404468009344264 2.807535249182763 -0.11265991564637455 0.0639411578515438
755.3639930191745 0.0020015641043285085 2.9172026785419014 -0.10551181392322477 0.04542744614213868
754.6563389160588 0.0016127113608076892 3.037802116905983 -0.0988348918953071 0.029058985536648475
753.9500094872155 0.0013416015719106525 3.1617428891568693 -0.09264369567358569 0.015142544044576694
753.2450010165903 0.0011523606210147122 3.2793921915799427 -0.08683394092035195 0.0038551179991869883
752.541309802014 0.0010116924765622855 3.3825592235487374 -0.08122505989524023 -0.004781523005004422
751.8389321551394 8.934134216840045E-4 3.4670214149922067 -0.07560763053973646 -0.010906410638848271
751.1378644013768 7.806962121119858E-4 3.5327983494622313 -0.06978927216999223 -0.014804945171779486
750.4381028798286 6.66018788188743E-4 3.5830135551738316 -0.06363312035415278 -0.0168769650458655
749.7396439432276 5.493412377324494E-4 3.622700717770897 -0.05708428296448281 -0.01759203649998521
749.0424839578716 4.353246936163216E-4 3.658207193684433 -0.0501815282379655 -0.01743818122289103
748.3466193035617 3.304282927237935E-4 3.697226887370725 -0.043053592368170995 -0.01687087586060557
747.6520463735396 2.405288759235974E-4 3.7492303428136733 -0.03590161694046133 -0.016268837866743817
746.9587615744243 1.694075996728102E-4 3.8257505732455446 -0.02897104605903107 -0.015901935204382472
746.2667613261513 1.1815034413325904E-4 3.9390133374803575 -0.022517591985405205 -0.015914714139519965
745.5760420619099 8.529593620637196E-5 4.095694209238857 -0.016772462496345494 -0.016326805140749155
744.8866002280829 6.746826960854622E-5 4.284717360853982 -0.011911880951513923 -0.01704916048309643
744.1984322841852 6.0228823673968325E-5 4.472899452134659 -0.008035075055129084 -0.01791301542580405
743.5115347028029 5.8942009868199606E-5 4.625737010850457 -0.005153511020869292 -0.018706919136655564
742.8259039695338 5.951383428244785E-5 4.729928619116587 -0.003192425395705231 -0.019216341736454735
742.1415365829266 5.891908976603426E-5 4.790885181075486 -0.0020039134943724557 -0.01926031490141461
741.458429054422 5.5470593885735785E-5 4.820481844966277 -0.0013892272715848725 -0.01872027744375969
740.7765779082931 4.8816816364413686E-5 4.83047016412678 -0.0011267359739127597 -0.01755764140010746
740.0959796815862 3.969264919057733E-5 4.8313363067462785 -0.0010013630866640422 -0.015818353252121914
739.4166309240626 2.9492515536747737E-5 4.833616883548224 -8.313001089629984E-4 -0.013624634791642415
738.7385281981403 1.977352195368382E-5 4.850805351533262 -4.883864488276768E-4 -0.011155874620107364
738.0616680788359 1.181166558050893E-5 4.9050372945093965 9.03751562064542E-5 -0.00862205918747258
737.3860471537065 6.3147308381887945E-6 5.038139592831392 9.013034472388215E-4 -0.0062339990583011595
736.7116620227932 3.3439938754914697E-6 5.318105413536847 0.0018821647975106257 -0.004174825160481788
736.0385092985634 2.4304001292165935E-6 5.743701595504792 0.002928208104144764 -0.0025768008202615433
735.3665856058545 2.8140213282263348E-6 6.097869263209139 0.003913317266683286 -0.001506510531784494
734.695887581817 3.708905773010008E-6 6.264381460811684 0.004712887294552298 -9.601132320618544E-4
734.0264118758589 4.506222309200228E-6 6.300580212572864 0.005224951388492355 -8.688022431585507E-4
733.3581551495897 4.868244190584225E-6 6.261570148165076 0.005386520655674562 -0.001113127116776913
732.6911140767646 4.714641865762762E-6 6.175891647229468 0.005182959494624953 -0.0015436166942652818
732.0252853432304 4.13991665468369E-6 6.058322301701917 0.00464936277296471 -0.002004361322709647
731.3606656468688 3.3138980934622232E-6 5.917832810784706 0.0038641446217429487 -0.002355958373994549
730.6972516975437 2.4060199075073768E-6 5.761107808744812 0.0029362042476990535 -0.0024945108879668165
730.0350402170455 1.5492876495059096E-6 5.593728062542212 0.001987933491954419 -0.0023641266963880803
729.3740279390381 8.361204249077388E-7 5.419835633683771 0.0011368506296666747 -0.0019614609048757004
728.7142116090042 3.265411459853737E-7 5.23955782046175 4.787233132235169E-4 -0.0013321004167514139
728.055587984193 5.20767631790172E-8 5.027187575126717 7.468727682619081E-5 -5.598117852144702E-4
727.3981538335663 1.06770593018085E-8 1.9733445384211485 -5.585195175189517E-5 2.493169292708264E-4
726.7419059377456 1.5970563834114426E-7 1.6877928145973708 6.429387479250925E-5 9.851538222421241E-4
726.0868410889603 4.182546504943065E-7 1.5151709401526734 3.760041484072163E-4 0.0015513131583593243
725.4329560909948 6.850208280859151E-7 1.3528669786176852 7.94970485001878E-4 0.001879777859532361
724.7802477591364 8.678915862212371E-7 1.1894068568329619 0.0012261011638259323 0.0019402950362074067
724.1287129201244 9.130458320099071E-7 1.0170477993855567 0.0015788588098535339 0.0017433871174732385
723.4783484120975 8.200214130623444E-7 0.8260280019659714 0.0017811374597851426 0.0013368553892451063
722.829151084544 6.356071310049077E-7 0.6009854294702848 0.0017896105101722348 7.966563412989403E-4
722.1811177982496 4.297869642004411E-7 0.3154397508784612 0.0015951113831378372 2.1385275809249205E-4
721.534245425248 2.65444139708986E-7 -0.07396517684895088 0.00122243554392798 -3.2013639962846785E-4
720.8885308487696 1.7565621000287527E-7 -0.605135973727073 7.248409954140334E-4 -7.276074124541454E-4
720.243970963192 1.5747712743685776E-7 -1.2082162465837136 1.7433511423126102E-4 -9.558030642111692E-4
719.6005626739901 1.822549589892734E-7 -1.7309658972996544 -3.50553831083511E-4 -9.836854046934018E-4
718.9583028976864 2.147213391769404E-7 -2.1453624825035327 -7.774991896111194E-4 -8.234018516013464E-4
718.3171885618019 2.3020854687565728E-7 -2.5028957046960656 -0.0010515754466160487 -5.164650010436311E-4
717.6772166048072 2.2225043840766374E-7 -2.8500923155600937 -0.0011432367632056017 -1.254945135278629E-4
717.0383839760734 1.9917757612849472E-7 -3.21687537469203 -0.0010519493326006657 2.76970333726409E-4
716.4006876358245 1.7425442050935957E-7 -3.6162053386084025 -8.050803636954207E-4 6.206827256944186E-4
715.7641245550877 1.5631626812433385E-7 -4.040592925816256 -4.524102381280315E-4 8.489399237822659E-4
715.1286917156469 1.46012969493619E-7 -4.468483100903857 -5.7312644939244706E-5 9.271250720566948E-4
714.4943861099944 1.3840131615847121E-7 -4.884981223324207 3.1386360155716275E-4 8.47292707587155E-4
713.8612047412829 1.2866210943285405E-7 -5.294672637240712 6.024486127536033E-4 6.282322707256427E-4
713.2291446232795 1.1641076845535094E-7 -5.715333796734672 7.664379047658265E-4 3.1118860928262826E-4
712.5982027803176 1.0579658419801982E-7 -6.161842245673043 7.864359197102821E-4 -4.7893083409522585E-5
711.9683762472513 1.0184797283887011E-7 -6.627643057077044 6.677175895231091E-4 -3.88205509676276E-4
711.3396620694078 1.0606932433955916E-7 -7.081693554400097 4.382217039580194E-4 -6.54324712473564E-4
710.7120573025422 1.1457893414348293E-7 -7.496106555981207 1.4295120608665002E-4 -8.051816227661601E-4
710.0855590127907 1.2013046248690856E-7 -7.869341429789124 -1.6418056942080206E-4 -8.203436686802235E-4
709.4601642766255 1.1663246082313777E-7 -8.220599930501187 -4.296398297076731E-4 -7.026746509057324E-4
708.8358701808091 1.0311018362956255E-7 -8.57821881262872 -6.091422636185229E-4 -4.770601130099361E-4
