-167.8198145025295 1.5815092391850898E-5 2.1279457229036156 -1.7638105798999077E-4 1.7153468198738642E-4
-166.5087222017285 1.856285784659189E-5 2.0450794459072976 -1.7505229450904522E-4 2.010188206403518E-4
-165.1976299009275 2.0938524818055346E-5 1.9475020224691557 -1.6423309250527174E-4 2.3059174525619886E-4
-163.88653760012647 2.2930613164587903E-5 1.8355694364687887 -1.438383520050669E-4 2.589991895632391E-4
-162.57544529932545 2.4605136006993864E-5 1.7102446399788236 -1.1429382935101222E-4 2.848094749306349E-4
-161.26435299852446 2.6091848188903612E-5 1.5734617618589481 -7.660509193530621E-5 3.0659708107897836E-4
-159.95326069772344 2.7534168162826967E-5 1.4281627183973522 -3.2262567821176794E-5 3.2303237224393593E-4
-158.64216839692241 2.9039779309120122E-5 1.2779404427570311 1.6888766268487503E-5 3.3296920058495334E-4
-157.33107609612142 3.0647910900559916E-5 1.1263687364127135 6.8800155791591E-5 3.3552287655014344E-4
-156.0199837953204 3.232242257912663E-5 0.9763036457664571 1.2137423835290559E-4 3.301314562331158E-4
-154.7088914945194 3.397032834090266E-5 0.8294634775647469 1.7260928264956396E-4 3.1659454180463795E-4
-153.39779919371838 3.547691295717939E-5 0.6864087026442878 2.207195893539189E-4 2.950857324342343E-4
-152.08670689291736 3.674403162956796E-5 0.5468302440455457 2.6422287180219824E-4 2.661373147377859E-4
-150.77561459211637 3.771872744054275E-5 0.40996868629860805 3.0198992917975415E-4 2.3059848266332163E-4
-149.46452229131535 3.8404150470856085E-5 0.2750179852498229 3.3325659197391247E-4 1.8957102004504102E-4
-148.15342999051433 3.885167135810693E-5 0.1414293529675923 3.576021751192999E-4 1.4432865052824002E-4
-146.84233768971333 3.9139383247569896E-5 0.00907322980889358 3.749020230734726E-4 9.622787868221672E-5
-145.5312453889123 3.934583066942738E-5 -0.12175792376391215 3.8526382513434247E-4 4.661890462484975E-5
-144.2201530881113 3.9528004914295965E-5 -0.2504945420256064 3.889580551946513E-4 -3.235013458668247E-6
-142.9090607873103 3.970993591679405E-5 -0.3765315369865654 3.863521794779991E-4 -5.222253507277181E-5
-141.59796848650927 3.988399667952931E-5 -0.49948257003693497 3.778563895235745E-4 -9.942831578616313E-5
-140.28687618570825 4.0022919435196324E-5 -0.6193608685425502 3.6388590692732175E-4 -1.44153507180778E-4
-138.97578388490726 4.009770658247053E-5 -0.7366331050426256 3.44841806717232E-4 -1.859128108731949E-4
-137.66469158410624 4.009561393248011E-5 -0.8521391313281406 3.211092736726429E-4 -2.244109386031334E-4
-136.35359928330521 4.003304590692472E-5 -0.9669053636229208 2.930696533325703E-4 -2.5950361392680914E-4
-135.04250698250422 3.995999627241643E-5 -1.0818958144388087 2.6112090298323066E-4 -2.911498135395185E-4
-133.7314146817032 3.995496463636808E-5 -1.1977514284064625 2.257002694442489E-4 -3.1936259799469506E-4
-132.42032238090218 4.0111551071912965E-5 -1.3145758687793045 1.873032509992883E-4 -3.441655542683769E-4
-131.10923008010118 4.051980206280947E-5 -1.4318315338728396 1.4649402588758434E-4 -3.6556062882798547E-4
-129.79813777930016 4.124657939920906E-5 -1.5483963725489582 1.0390431497408196E-4 -3.8351115466569904E-4
-128.48704547849917 4.231954125274306E-5 -1.662785231001802 6.021977813676919E-5 -3.9794145133182653E-4
-127.17595317769815 4.371863943114001E-5 -1.773471296274479 1.6155179960507017E-5 -4.087518437499844E-4
-125.86486087689713 4.5377399230408514E-5 -1.8791963255712414 -2.7578620150643124E-5 -4.15845655088606E-4
-124.55376857609612 4.719396186169809E-5 -1.9791694176900396 -7.031154901512832E-5 -4.191629953081127E-4
-123.24267627529511 4.904948401030846E-5 -2.073114384409946 -1.1145024219874953E-4 -4.1871522346299003E-4
-121.9315839744941 5.0829668214014426E-5 -2.1611903622372504 -1.5050841469588897E-4 -4.1461392881782266E-4
-120.62049167369308 5.244449499134931E-5 -2.2438429899987984 -1.8712800682474522E-4 -4.070891448133168E-4
-119.30939937289207 5.384186820154566E-5 -2.321641588918487 -2.210888622190404E-4 -3.964931455348827E-4
-117.99830707209107 5.501265966160353E-5 -2.3951394216419937 -2.523063936207077E-4 -3.832883344259732E-4
-116.68721477129004 5.598696961587199E-5 -2.464775979300872 -2.808183928940337E-4 -3.6802010558596655E-4
-115.37612247048904 5.6823575916586815E-5 -2.530828484260531 -3.067635915028969E-4 -3.512777983822326E-4
-114.06503016968803 5.75959166773019E-5 -2.59341270771498 -3.3035557479634556E-4 -3.3364865740466676E-4
-112.75393786888702 5.8378258097788295E-5 -2.652527059643387 -3.5185607411143194E-4 -3.1567080014955186E-4
-111.442845568086 5.9235049237252734E-5 -2.708126940916004 -3.7155147338315843E-4 -2.9779143475469334E-4
-110.13175326728499 6.021525258436832E-5 -2.7602099060407417 -3.897356318973844E-4 -2.803359329727216E-4
-108.82066096648398 6.135214106592305E-5 -2.8088893857099393 -4.0670097999507133E-4 -2.6349194825458415E-4
-107.50956866568296 6.266803227428308E-5 -2.854437729124146 -4.2273848066667744E-4 -2.473107844280804E-4
-106.19847636488196 6.418283318769363E-5 -2.89728741937358 -4.3814567903069395E-4 -2.31725955235464E-4
-104.88738406408095 6.592503706640744E-5 -2.937989274806153 -4.5324088385033503E-4 -2.1658665409012348E-4
-103.57629176327993 6.794380126499822E-5 -2.977134850252514 -4.683806994341455E-4 -2.0170199164492455E-4
-102.26519946247892 7.032082692313303E-5 -3.015255570078195 -4.8397774855882795E-4 -1.8689061529189862E-4
-100.95410716167791 7.318094627444937E-5 -3.052714108500661 -5.005155197923614E-4 -1.720298660929998E-4
-99.6430148608769 7.670066765960495E-5 -3.08960584691466 -5.185577854092838E-4 -1.570990056721699E-4
-98.33192256007588 8.111449295884475E-5 -3.1256904466101165 -5.3875085801204E-4 -1.4221218710721483E-4
-97.02083025927487 8.671957125438491E-5 -3.160373760498019 -5.618179342675898E-4 -1.2763856832020544E-4
-95.70973795847387 9.388001950537914E-5 -3.19275461084211 -5.885457482254676E-4 -1.1380900952136692E-4
-94.39864565767284 1.0303277619823481E-4 -3.221736701096229 -6.197645726895159E-4 -1.0131085010591882E-4
-93.08755335687184 1.146969323716011E-4 -3.2461857574593953 -6.563231493439143E-4 -9.087401910008863E-5
-91.77646105607083 1.294880178187594E-4 -3.2650948681371457 -6.990603335429581E-4 -8.335293739823987E-5
-90.46536875526981 1.481378145430571E-4 -3.2777169453919965 -7.487751043704918E-4 -7.970914418276477E-5
-89.1542764544688 1.7151919814628548E-4 -3.2836353888265606 -8.061961684181047E-4 -8.099925741113513E-5
-87.84318415366779 2.006746142665152E-4 -3.2827657244507265 -8.719517759234563E-4 -8.837180986740015E-5
-86.53209185286678 2.368463734972317E-4 -3.2753011844592432 -9.46539696822886E-4 -1.0307484764261386E-4
-85.22099955206576 2.815071437417702E-4 -3.261626230485353 -0.0010302967035229582 -1.2647418106767917E-4
-83.90990725126476 3.3638981300048457E-4 -3.242222869338633 -0.00112336649183838 -1.6008013100049582E-4
-82.59881495046375 4.0351713323551186E-4 -3.217588713128399 -0.0012256648218712239 -2.055788126376044E-4
-81.28772264966273 4.852330173125171E-4 -3.1881774295448198 -0.001336840810342816 -2.6486270280963475E-4
-79.97663034886172 5.842388262750685E-4 -3.1543646110570815 -0.0014562337384578944 -3.4005462750390757E-4
-78.66553804806071 7.036392710471156E-4 -3.116436642009532 -0.0015828253924928635 -4.3351946553761306E-4
-77.3544457472597 8.470035273729849E-4 -3.0745971389943048 -0.001715188731892631 -5.478587619795391E-4
-76.04335344645868 0.0010184477448685293 -3.0289845899935637 -0.0018514344688448502 -6.858849463727207E-4
-74.73226114565767 0.001222745310942133 -2.979695266664831 -0.0019891578334786763 -8.505737383989461E-4
-73.42116884485667 0.0014654711018775245 -2.926806683958553 -0.0021253882996324757 -0.001044995330772888
-72.11007654405564 0.0017531857377854193 -2.8703983344804342 -0.002256545301285235 -0.0012722267911409665
-70.79898424325464 0.0020936658837153875 -2.810567821650565 -0.002378402964637971 -0.001535249580217126
-69.48789194245363 0.00249618725027646 -2.7474417006588245 -0.0024860666426658024 -0.0018368369701469906
-68.17679964165261 0.002971868347425661 -2.68118124939014 -0.0025739636295967223 -0.002179436387131397
-66.8657073408516 0.0035340851204172445 -2.6119840151099725 -0.002635849935665622 -0.002565051322031084
-65.55461504005059 0.004198968788043327 -2.5400823132851222 -0.002664834505996526 -0.002995126576941365
-64.24352273924958 0.004986000499878687 -2.465739901239994 -0.0026534218474619795 -0.003470439446984785
-62.93243043844856 0.005918715522093728 -2.3892478455941486 -0.0025935737321733056 -0.003990998221745128
-61.621338137647555 0.007025525238048611 -2.3109202209918545 -0.0024767904864936552 -0.004555948381315444
-60.31024583684654 0.008340656365150892 -2.2310898283909903 -0.0022942123196622627 -0.005163486273013958
-58.99915353604553 0.009905193210344087 -2.150103732078559 -0.002036741128783605 -0.005810780029673812
-57.68806123524452 0.011768191210087264 -2.0683181982236034 -0.001695183143560149 -0.0064938980754678305
-56.37696893444351 0.01398781007325388 -1.986092636019908 -0.0012604125415717515 -0.007207746699616609
-55.065876633642496 0.01663239496308359 -1.9037823834451446 -7.23555679411567E-4 -0.007946019699606384
-53.75478433284148 0.019781417076527245 -1.8217305584472006 -7.619478125584379E-5 -0.008701164760786797
-52.443692032040474 0.023526173334350545 -1.7402595821168387 6.894112167985974E-4 -0.009464372758628364
-51.13259973123946 0.027970140683614118 -1.6596632417614878 0.0015800924183610057 -0.010225597248028503
-49.82150743043845 0.033228884721246854 -1.5802002130146362 0.0026015257340036434 -0.010973611782737812
-48.51041512963744 0.03942943476369041 -1.5020897885675883 0.003757991830188878 -0.011696112204992276
-47.19932282883642 0.04670905679298448 -1.4255102250186753 0.005052140074290609 -0.01237986958310988
-45.888230528035415 0.055213379824260944 -1.3505997191672559 0.006484771646399711 -0.013010937094689722
-44.5771382272344 0.06509385786981399 -1.2774596639758715 0.008054651863728291 -0.013574911014602228
-43.26604592643339 0.07650457691683028 -1.2061595856939444 0.009758362996591873 -0.014057242330414142
-41.95495362563238 0.08959844315721865 -1.1367430563128935 0.01159020833407925 -0.014443591703845378
-40.64386132483136 0.1045228151351312 -1.0692338983169418 0.013542176934444677 -0.014720216886777288
-39.332769024030355 0.12141466938317022 -1.003642115037405 0.015603976393774421 -0.014874378633569076
-38.02167672322934 0.14039541762016772 -0.939969145068047 0.017763138182228057 -0.014894748924478344
-36.71058442242833 0.16156552421042192 -0.8782122131539398 0.020005196789757627 -0.014771804138399366
-35.39949212162732 0.18499910446555146 -0.8183677040973913 0.02231394030152936 -0.014498185790341182
-34.088399820826304 0.21073871475430372 -0.7604336045366291 0.024671726326205325 -0.014069012569219223
-32.777307520025296 0.2387905697246325 -0.704411134650575 0.02705985367504894 -0.013482129556863374
-31.46621521922428 0.2691204346259757 -0.650305730187609 0.029458977070967115 -0.01273828347496092
-30.15512291842327 0.30165043633675215 -0.5981275414582004 0.03184954965707804 -0.01184121633055052
-28.84403061762226 0.3362570115171313 -0.5478915988601383 0.034212276331489634 -0.010797673626318881
-27.532938316821248 0.37277016352991055 -0.49961776321809603 0.03652856006130713 -0.009617327092454362
-26.221846016020237 0.410974134221902 -0.45333054199211986 0.038780923369093015 -0.008312615443109597
-24.910753715219226 0.4506095185671685 -0.4090588160304569 0.040953388127300816 -0.006898509781130813
-23.59966141441821 0.49137676812440906 -0.3668354909806033 0.043031798578067125 -0.005392212854796446
-22.2885691136172 0.532940952497782 -0.3266970658068886 0.045004075011989594 -0.00381280335999122
-20.97747681281619 0.574937584548832 -0.28868309939407455 0.04686038865173676 -0.0021808378844564652
-19.666384512015178 0.6169792702651589 -0.2528355547197103 0.048593251832235056 -5.179239477835938E-4
-18.355292211214167 0.6586629196704012 -0.2191980071378361 0.05019752137132039 0.0011537220418506515
-17.044199910413152 0.6995772492787821 -0.18781471670451566 0.05167031689814221 0.0028117181614527647
-15.73310760961214 0.739310315313603 -0.15872958152673133 0.053010859665588356 0.004433948390520646
-14.42201530881113 0.7774568354096999 -0.13198500707970462 0.054220240837491204 0.005998969632395872
-13.110923008010118 0.8136250808637393 -0.10762074276875344 0.05530113124348461 0.0074863831333840634
-11.799830707209106 0.8474431497853201 -0.0856727495920051 0.056257446985436735 0.00887716072613003
-10.488738406408094 0.8785644642068191 -0.06617217003214249 0.05709398693780536 0.010153918363836872
-9.177646105607083 0.9066723735258793 -0.049144472327502964 0.05781605902383031 0.011301131842982558
-7.86655380480607 0.9314837950731262 -0.034608835707357066 0.058429112127354 0.012305292377182574
-6.555461504005059 0.9527518811334871 -0.022577831238184576 0.0589383896233561 0.013155002674854345
-5.244369203204047 0.9702677683962803 -0.013057435321407684 0.059348618839905054 0.013841017224862754
-3.933276902403035 0.9838615347645883 -0.006047390749424064 0.059663748414624344 0.014356233396560244
-2.6221846016020236 0.9934025504596048 -0.0015419051032239395 0.05988674264273189 0.01469564247304243
-1.3110923008010118 0.9987994541896387 4.6934994498659677E-4 0.06001943873171138 0.014856251614599233
0.0 1.0 0.0 0.06006246960221382 0.014836988776080038
1.3110923008010118 0.9969909985651589 -0.0029344267103299515 0.06001525173093387 0.014638602619054284
2.6221846016020236 0.9897985158860315 -0.0083179506476041 0.059876034725250146 0.014263568395935329
3.933276902403035 0.9784883972733744 -0.016135541121208075 0.0596420070182463 0.013716008673257153
5.244369203204047 0.9631670667750222 -0.026374357940469828 0.059309450386476434 0.013001634752698062
6.555461504005059 0.9439824290739008 -0.039024737004443644 0.05887393496356401 0.0121277109946452
7.86655380480607 0.9211245925078784 -0.054080840807853026 0.058330546020799824 0.011103040288197811
9.177646105607083 0.89482605786632 -0.07154092051042316 0.05767413391535431 0.009937965032887523
10.488738406408094 0.8653609934599719 -0.09140716657065617 0.05689957911910582 0.008644374600189214
11.799830707209106 0.8330432508387193 -0.11368515698015536 0.05600206495669626 0.00723570769123108
13.110923008010118 0.798222866448794 -0.13838294264171003 0.054977351415055005 0.005726936587992518
14.42201530881113 0.7612809319497053 -0.16550983534984676 0.05382204397472446 0.004134520184488176
15.73310760961214 0.7226228812208846 -0.19507498254417222 0.05253385173856849 0.002476313925143924
17.044199910413152 0.6826704115713838 -0.227085822602056 0.051111829143396625 7.714272743672827E-4
18.355292211214167 0.6418524056598297 -0.2615465139095221 0.04955659525665235 -9.599771292976486E-4
19.666384512015178 0.600595327959592 -0.29845642037014564 0.04787052417882272 -0.0026969442452197327
20.97747681281619 0.5593136214232765 -0.33780871669077506 0.04605789954891568 -0.004418044389095044
22.2885691136172 0.5184006222003898 -0.3795891513713672 0.044125025780620976 -0.006101740585583533
23.59966141441821 0.4782204488278787 -0.42377497779586015 0.04208028864616129 -0.007726794158534833
24.910753715219226 0.4391012215349247 -0.47033403921678874 0.03993415835696987 -0.009272694050824851
26.221846016020237 0.4013298462303443 -0.5192239772958431 0.03769912949612726 -0.010720093257794517
27.532938316821248 0.36514847576352655 -0.5703915313213401 0.03538959409032246 -0.012051234810714474
28.84403061762226 0.33075265373002494 -0.6237719097099177 0.033021646729438574 -0.013250349960484029
30.15512291842327 0.29829106232196884 -0.6792882473086554 0.030612823814179263 -0.014304012482616242
31.46621521922428 0.2678667369066108 -0.7368512075299796 0.028181782514882667 -0.015201435165838327
32.777307520025296 0.23953957140180931 -0.7963588389066167 0.02574792857238764 -0.015934697320170815
34.088399820826304 0.21332991214993158 -0.8576968384493173 0.023331005346904864 -0.01649889529019207
35.39949212162732 0.1892230162985884 -0.9207393941162447 0.02095065921070708 -0.016892211243461814
36.71058442242833 0.16717412953957703 -0.9853507616772816 0.01862599821523967 -0.017115898720360127
38.02167672322934 0.14711391829266707 -1.0513876685194736 0.01637516174915507 -0.017174186432834516
39.332769024030355 0.1289539785044016 -1.1187025292624613 0.014214918547198644 -0.017074104498787997
40.64386132483136 0.11259214505780903 -1.187147318374703 0.01216030892933695 -0.016825239663311186
41.95495362563238 0.09791734951545378 -1.2565777980325006 0.010224344673467969 -0.01643942809443288
43.26604592643339 0.08481382286371596 -1.3268576776457701 0.008417776676054502 -0.015930396075975902
44.5771382272344 0.07316451157243854 -1.3978622175951765 0.006748936822396347 -0.01531336037854416
45.888230528035415 0.06285366106779097 -1.4694808085429156 0.0052236565930905005 -0.014604601277406142
47.19932282883642 0.05376860770602406 -1.5416181688855382 0.003845261190459375 -0.013821022078146762
48.51041512963744 0.04580089430457183 -1.6141939976600286 0.0026146346516794667 -0.012979709549262029
49.82150743043845 0.038846873261367675 -1.687141171780719 0.0015303487272879475 -0.012097509760941734
51.13259973123946 0.03280797853804984 -1.7604028441409874 5.888463603616052E-4 -0.011190633395874675
52.443692032040474 0.02759083337017304 -1.833929033435517 -2.1533057373184818E-4 -0.010274303546195513
53.75478433284148 0.023107321128152898 -1.9076734452029385 -8.892800753095434E-4 -0.009362457289576116
55.065876633642496 0.01927469354745715 -1.9815912778962756 -0.0014414560709342349 -0.008467509950633157
56.37696893444351 0.016015736475525837 -2.0556386115345546 -0.0018813718695207915 -0.007600187974456094
57.68806123524452 0.013258969709150551 -2.1297736374016933 -0.002219300407131334 -0.006769432914963079
58.99915353604553 0.010938831753627531 -2.203959489437124 -0.0024659797850992197 -0.005982375388158068
60.31024583684654 0.008995794524432792 -2.2781678504556737 -0.002632331734480011 -0.005244374226143029
61.621338137647555 0.007376364268560198 -2.35238194226105 -0.002729199824082661 -0.00455911278243441
62.93243043844856 0.006032946968399099 -2.4265971121029173 -0.0027671134606757344 -0.003928741663458979
64.24352273924958 0.004923581548688947 -2.5008171506663475 -0.0027560829516742047 -0.0033540553310857798
65.55461504005059 0.004011565495294049 -2.5750448514868705 -0.002705430027398738 -0.0028346891965968395
66.8657073408516 0.00326501053060488 -2.649266232966654 -0.0026236571630557704 -0.0023693240681834297
68.17679964165261 0.002656369283480977 -2.7234292919518177 -0.002518357733945051 -0.0019558860718341957
69.48789194245363 0.002161968665344635 -2.797420001440498 -0.002396167460628481 -0.0015917322814337797
70.79898424325464 0.001761574930668683 -2.8710401521696944 -0.002262755793876693 -0.0012738150191193075
72.11007654405564 0.0014380027846836831 -2.943992966560371 -0.002122853956446461 -9.988208107179401E-4
73.42116884485667 0.0011767695974965863 -3.0158824238817283 -0.0019803144604919262 -7.632829685260141E-4
74.73226114565767 9.657878942012797E-4 -3.086230317368825 -0.001838195252349552 -5.63669406940366E-4
76.04335344645868 7.950856205939634E-4 -3.15451122362441 -0.0016988604051394064 -3.9644931382560623E-4
77.3544457472597 6.565439103797105E-4 -3.220200759241372 -0.0015640886637183955 -2.581435281321852E-4
78.66553804806071 5.436451258915702E-4 -3.2828284511592347 -0.0014351812687300848 -1.45363845977771E-4
79.97663034886172 4.512284011402721E-4 -3.3420249338315333 -0.001313061386885815 -5.4846039924912195E-5
81.28772264966273 3.7525439709311273E-4 -3.397554671690462 -0.0011983590957725318 1.6519720725539046E-5
82.59881495046375 3.125843714687495E-4 -3.449329247708036 -0.0010914780576759642 7.165888818008433E-5
83.90990725126476 2.6078028046595754E-4 -3.4974008259151894 -9.92642528340875E-4 1.1328251623557025E-4
85.22099955206576 2.1793227098074088E-4 -3.5419391621796352 -9.019258874451059E-4 1.438582860119405E-4
86.53209185286678 1.8251787154849618E-4 -3.583197802998991 -8.192641343693141E-4 1.6558485278678748E-4
87.84318415366779 1.5329410996938643E-4 -3.6214760275652136 -7.444594778046516E-4 1.8037243422609837E-4
89.1542764544688 1.2922052919539469E-4 -3.65708315366932 -6.771800408308107E-4 1.898325714698647E-4
90.46536875526981 1.0940844618247028E-4 -3.690311319705251 -6.169616863407624E-4 1.95279385962318E-4
91.77646105607083 9.309033087063568E-5 -3.7214215874503394 -5.632170462616811E-4 1.977435363499277E-4
93.08755335687184 7.960299391717748E-5 -3.750645793791217 -5.152551442277067E-4 1.9799863794968688E-4
94.39864565767284 6.837908578453178E-5 -3.778203016614544 -4.723127802470027E-4 1.9659837629563574E-4
95.70973795847387 5.894271308618503E-5 -3.804325651833106 -4.335964237697672E-4 1.9392117151347286E-4
97.02083025927487 5.0906257680167775E-5 -3.8292873679766117 -3.983311013648094E-4 1.9021825145071325E-4
98.33192256007588 4.39664350149352E-5 -3.8534247196622733 -3.6581101491158814E-4 1.8566052999138054E-4
99.6430148608769 3.7898239216476016E-5 -3.8771458346127243 -3.354456674588464E-4 1.8037984238759397E-4
100.95410716167791 3.2545903816894056E-5 -3.9009219882345647 -3.067952785678096E-4 1.74500848477885E-4
102.26519946247892 2.781060873860703E-5 -3.925259470217479 -2.795902723342745E-4 1.6816117403063477E-4
103.57629176327993 2.363548512354293E-5 -3.950649373080667 -2.5373150457828214E-4 1.6151894290679188E-4
104.88738406408095 1.99893667635564E-5 -3.977492980327467 -2.2927041002880874E-4 1.547485338688683E-4
106.19847636488196 1.685138623050241E-5 -4.006003216902652 -2.063710411576685E-4 1.4802693749973062E-4
107.50956866568296 1.4198592047926864E-5 -4.036091843179683 -1.8525862820333407E-4 1.4151427389078337E-4
108.82066096648398 1.1998148901140888E-5 -4.0672694610969335 -1.661614091166823E-4 1.3533269625156438E-4
110.13175326728499 1.0204559984448093E-5 -4.098605581214002 -1.4925371666934197E-4 1.295479611108321E-4
111.442845568086 8.761148249695892E-6 -4.128802301383557 -1.3460844238050387E-4 1.2415739196881676E-4
112.75393786888702 7.60422429579006E-6 -4.156406301594254 -1.2216595203133049E-4 1.190868866080382E-4
114.06503016968803 6.668231591767309E-6 -4.18011763885153 -1.117244046991361E-4 1.1419817845934869E-4
115.37612247048904 5.890636567734214E-6 -4.199087393881189 -1.0295348841658691E-4 1.093059682850019E-4
116.68721477129004 5.216064069899412E-6 -4.213084743478025 -9.543022334222813E-5 1.0420302128254982E-4
117.99830707209107 4.599714374253786E-6 -4.222473627284175 -8.86921688456894E-5 9.869008952750733E-5
119.30939937289207 4.0101496142021306E-6 -4.22802386532218 -8.23005884281257E-5 9.260673917541841E-5
120.62049167369308 3.431156668832668E-6 -4.230629212670604 -7.590430368146119E-5 8.585893752791437E-5
121.9315839744941 2.861945709704157E-6 -4.230992646809756 -6.92944128110091E-5 7.843960852735241E-5
123.24267627529511 2.314888566028904E-6 -4.229288020837662 -6.244089845366013E-5 7.043923727184869E-5
124.55376857609612 1.8105945359786952E-6 -4.224751806280127 -5.550434565515966E-5 6.204486545308401E-5
125.86486087689713 1.3712099105022461E-6 -4.215136683646973 -4.8819280841416936E-5 5.35272912439783E-5
127.17595317769815 1.013872472447696E-6 -4.196052272964436 -4.284960672677079E-5 4.521776725774855E-5
128.48704547849917 7.465959873226275E-7 -4.1606507541436395 -3.812071318372803E-5 3.747678309592696E-5
129.79813777930016 5.681093190034766E-7 -4.101212522028948 -3.5136514550570247E-5 3.065846221418089E-5
131.10923008010118 4.71492263686648E-7 -4.015130660530807 -3.4292361045419164E-5 2.5074588081975685E-5
132.42032238090218 4.4956595462435694E-7 -3.9135359149036866 -3.579607107305969E-5 2.0962260102630135E-5
133.7314146817032 4.988966408506468E-7 -3.8198686144051646 -3.960898470013597E-5 1.84586922237525E-5
135.04250698250422 6.196922027753474E-7 -3.753200652848612 -4.541691689719752E-5 1.7585793922153465E-5
136.35359928330521 8.10843269896286E-7 -3.717445581170985 -5.2637392566811494E-5 1.824604592308063E-5
137.66469158410624 1.0620824251293841E-6 -3.7066361696521044 -6.046498433534494E-5 2.022995590303333E-5
138.97578388490726 1.3473686492677557E-6 -3.7132317345561017 -6.795152007178315E-5 2.3234205995480264E-5
140.28687618570825 1.6239108262173052E-6 -3.731807200815088 -7.411304004736305E-5 2.688861526636365E-5
141.59796848650927 1.8392530638149073E-6 -3.7595050083752763 -7.805132528214158E-5 3.0789328740888453E-5
142.9090607873103 1.9452122125121172E-6 -3.7955422797458453 -7.907516324488394E-5 3.453525451593874E-5
144.2201530881113 1.9137877053343107E-6 -3.840749024463446 -7.680567196832558E-5 3.776469793080502E-5
145.5312453889123 1.7483137594234694E-6 -3.897337774353155 -7.125115008272725E-5 4.0189341305601055E-5
146.84233768971333 1.4842964638252237E-6 -3.9687900913491045 -6.283998350596704E-5 4.1623115943696705E-5
148.15342999051433 1.1784296651766368E-6 -4.05944357181223 -5.240479235984826E-5 4.200402511457237E-5
149.46452229131535 8.896263143639005E-7 -4.172692484880133 -4.111670169778804E-5 4.140752329473844E-5
150.77561459211637 6.601122518950018E-7 -4.30570609368539 -3.0374675618706127E-5 4.005057832718983E-5
152.08670689291736 5.055329178483357E-7 -4.439707667685742 -2.166051343219064E-5 3.828600790679522E-5
153.39779919371838 4.197745128329777E-7 -4.533749692361169 -1.6374650691033132E-5 3.658708867776309E-5
154.7088914945194 3.9383110039813703E-7 -4.539099954218807 -1.5670747065634182E-5 3.55228092560959E-5
156.0199837953204 4.4117237973561156E-7 -4.437664691110643 -2.030779257503902E-5 3.57245162329151E-5
157.33107609612142 6.1781245311375E-7 -4.275636217405121 -3.053699581100065E-5 3.784512355324382E-5
158.64216839692241 1.0258911551289654E-6 -4.12938540606598 -4.603717995801982E-5 4.251254499942584E-5
159.95326069772344 1.7953102361477442E-6 -4.035466344108285 -6.590721029300685E-5 5.027956447031935E-5
161.26435299852446 3.0468049670372217E-6 -3.990479644806385 -8.87177239287788E-5 6.157294318649933E-5
162.57544529932545 4.848228872924899E-6 -3.9813412047307963 -1.1261787302623764E-4 7.664510698092299E-5
163.88653760012647 7.180159999436379E-6 -3.9979132499139123 -1.354867076706628E-4 9.553216456865579E-5
165.1976299009275 9.925071432507395E-6 -4.034194533191035 -1.551139340901708E-4 1.1802217180905687E-4
166.5087222017285 1.2886602473922698E-5 -4.0870789045382905 -1.6939165712824393E-4 1.4363737802237472E-4
