32 32
7.503267973856212 -2.186434958442712 396.85250540444775
0.0 0.0 0.0 0.0 0.0 0.0 0.0 0.0 0.0 0.0 0.0 0.0 0.0 0.0 0.0 0.0 0.0 0.0 0.0 0.0 0.0 0.0 0.0 0.0 0.0 0.0 0.0 0.0 0.0 0.0 0.0 0.0 
0.0 0.0 0.0 0.0 0.0 0.0 0.0 0.0 0.0 0.0 0.0 0.0 0.0 0.0 3.353936690565673E-7 5.903312714830489E-7 0.0 0.0 0.0 0.0 0.0 0.0 0.0 0.0 0.0 0.0 0.0 0.0 0.0 0.0 0.0 0.0 
0.0 0.0 0.0 0.0 0.0 0.0 0.0 0.0 0.0 0.0 0.0 0.0 0.0 1.2999507839492289E-6 2.419569404229373E-5 7.921970920606592E-5 2.9903694282746933E-5 7.393622036814787E-7 0.0 0.0 0.0 0.0 0.0 0.0 0.0 0.0 0.0 0.0 0.0 0.0 0.0 0.0 
0.0 0.0 0.0 0.0 0.0 0.0 0.0 0.0 0.0 0.0 0.0 0.0 9.644939759908948E-7 6.248751919260208E-5 1.4422705450193983E-4 7.770581042527626E-5 2.7775059606114136E-4 2.7331831471974147E-4 1.497422085662254E-4 2.141149588306575E-5 5.6110800296893584E-5 2.278682850315631E-6 0.0 0.0 0.0 0.0 0.0 0.0 0.0 0.0 0.0 0.0 
0.0 0.0 0.0 0.0 0.0 0.0 0.0 0.0 0.0 0.0 0.0 5.006670248177752E-6 4.8420843427622035E-5 2.9078003948619657E-4 8.354181675083244E-4 0.0015006652841462438 0.001776224578560486 0.00183643804616125 0.0014105744378245313 8.124503180707469E-4 5.4781600093043544E-5 4.158251504359485E-5 0.0 0.0 0.0 0.0 0.0 0.0 0.0 0.0 0.0 0.0 
0.0 0.0 0.0 0.0 0.0 0.0 0.0 0.0 0.0 0.0 3.6781959738922246E-6 1.8019873534544167E-4 6.532301850023373E-4 0.002166759874960035 0.0037610424161773305 0.0042883480038531895 0.004640876659605046 0.0045594275443672175 0.004459263219718735 0.003672834230513137 0.002143725737610072 4.5036586996597235E-4 3.3333136134408917E-6 0.0 0.0 0.0 0.0 0.0 0.0 0.0 0.0 0.0 
0.0 0.0 0.0 0.0 0.0 0.0 0.0 0.0 0.0 4.132593245321578E-6 1.0971043219342542E-4 0.0014582381213066175 0.0034725359882479233 0.00539299644092199 0.0076567842365276965 0.008826931533850934 0.009732261427967868 0.01079470494256587 0.009681008036550184 0.0080274093931222 0.005576469851921045 0.0025117812527644993 2.9558137683213933E-4 4.631005438518563E-6 0.0 0.0 0.0 0.0 0.0 0.0 0.0 0.0 
0.0 0.0 0.0 0.0 0.0 0.0 0.0 0.0 1.2151919509280932E-9 9.726150680342513E-5 8.014781098253284E-4 0.00412771860008363 0.007963329920221918 0.012467189061268097 0.018067918475665398 0.02056318439947435 0.021988255290231698 0.023353729993651692 0.020666748326255157 0.018117019883581963 0.01171928064170503 0.005680842546358443 0.0023141418337828974 2.154965914721122E-4 3.565874358402713E-5 0.0 0.0 0.0 0.0 0.0 0.0 0.0 
0.0 0.0 0.0 0.0 0.0 0.0 0.0 0.0 3.471597788362563E-6 4.971534930951083E-4 0.0032419004500495088 0.008971892338474952 0.01789415069751195 0.02808220823937681 0.03763258930264684 0.044917906195175286 0.04857538216297823 0.05106417273045389 0.044790597903811645 0.037124591692577306 0.025051182036053426 0.01264568363445555 0.005670054133498222 0.0018192198820127998 1.5972726106087991E-4 0.0 0.0 0.0 0.0 0.0 0.0 0.0 
0.0 0.0 0.0 0.0 0.0 0.0 0.0 0.0 8.385677959725161E-5 0.0019923413534940295 0.007005920747748183 0.01974994765332769 0.03683634726955652 0.05513715410788704 0.07492879826712887 0.08925489157496096 0.09164999956112217 0.09299552430355798 0.08255778197942569 0.06717070174244175 0.04568003654622534 0.027701099318073096 0.01281047280710052 0.005256767727552721 0.0014156971507823667 1.9034886349640363E-4 6.532178563683888E-7 2.4124671978638503E-5 2.621204204831238E-4 0.0 0.0 0.0 
0.0 0.0 0.0 0.0 0.0 0.0 0.0 3.0930072919315043E-6 6.522997127133594E-4 0.005238777895565232 0.015911197225183 0.03657368360455052 0.06795175169236242 0.10417358586063 0.13675531480915332 0.15526152083397562 0.1582279754604734 0.1613906206644774 0.14435231294614626 0.11490548610662109 0.07982687336289908 0.052436575551393264 0.02730772707318201 0.010462856789464316 0.0035969650125994164 2.380959475523089E-4 6.75944128107425E-7 8.98995835411302E-5 2.822955432041775E-5 0.0 0.0 0.0 
0.0 0.0 0.0 0.0 0.0 0.0 1.620979684969995E-6 7.773689372201683E-5 0.003374421105402309 0.011974123804088856 0.031110972726340953 0.06322395580111113 0.10920987340375178 0.1639751623592308 0.21513323553584748 0.2594182299778009 0.27046858440510946 0.2679656251846646 0.227654344240138 0.18982963216742207 0.1434304091092448 0.0900167530935665 0.050233323508412545 0.025812404478459748 0.00881021247792914 0.002449896702534308 9.057622547238857E-4 0.0019793767206026714 0.0015619703423268353 3.48860123852088E-4 0.0 0.0 
0.0 0.0 0.0 0.0 0.0 0.0 2.033234241986654E-5 6.181503295853782E-4 0.0068212101637903505 0.023120165284245445 0.05402587376154802 0.10548963964494154 0.17419047822576794 0.25188557344613843 0.3495416941412258 0.40669470404451197 0.4318187408042901 0.4180062145805894 0.3610050895671759 0.2897882047686746 0.21107674008024857 0.136650749671917 0.07820070551518139 0.03779263162398188 0.012632606442856426 0.0036081586308090298 0.0015700086116708747 0.0028482914568396882 0.003302916830510248 0.0013937305573481315 0.0 0.0 
0.0 0.0 0.0 0.0 1.7465016789030278E-6 0.0 2.2852283200802464E-5 0.002182260747492875 0.012050048659199843 0.03860777243994368 0.08413058066222706 0.15596032546005453 0.25960827559158 0.3710580253380458 0.4912774169249255 0.5819535197507911 0.6164153054524114 0.6119419288831334 0.5576283300476761 0.4520656880735405 0.32632595908291745 0.21252207440792734 0.11537569646654725 0.054585656148185675 0.01960742145229986 0.005070637608648201 0.0021788076053388264 0.0029651279560452683 0.00197704276805584 5.524087172093983E-4 0.0 0.0 
0.0 0.0 0.0 0.0 1.9119036365946886E-5 1.64700396825408E-6 3.187329116533573E-4 0.004531133739063935 0.021149084176367405 0.05768075903069084 0.11901117230453377 0.21676443243477916 0.34214805479663923 0.4953130676417332 0.6384248191475149 0.7634837521990572 0.8004060620098732 0.8322239440112735 0.7246227526070302 0.5907877012294492 0.43249782845095713 0.2768316006175925 0.15194886617013112 0.07088550573414225 0.026875817440872734 0.0067778163524599404 0.002813878879556909 0.004346362035917556 0.0037640288381910313 0.0010837156189195468 1.2219169403978833E-6 0.0 
0.0 0.0 0.0 0.0 1.3379415460810715E-5 1.86533766011706E-5 8.336454881020977E-4 0.006160736983290315 0.028237352054770987 0.07553140396376769 0.15181217640226635 0.2658777642624074 0.40497506961118107 0.5650101239193128 0.7356382636000035 0.8806094980045798 0.9641844849995898 0.9340701842510438 0.8458409420563182 0.6898231967340914 0.4884931797030258 0.3236624192561808 0.18103347589148894 0.08392281990406336 0.030908374240585637 0.007398539879555549 0.0016294114245363157 0.0019608788405912868 0.002157940539681208 6.532906933475701E-4 2.752022849847906E-7 0.0 
0.0 0.0 0.0 0.0 0.0 7.4972419835751145E-6 9.050309333462057E-4 0.0068555514272776695 0.030208165890146764 0.07817245350945046 0.16181271065037056 0.28224952360940647 0.42984430005686397 0.5984579791990559 0.7681754233038354 0.9364736973106497 1.0 0.9990556920114665 0.914381278051487 0.7495999377528536 0.5372084327927833 0.35055171001655966 0.19509739935861578 0.0883125602117137 0.03204954656505305 0.006970423986950163 7.35825580442449E-4 7.058291145367846E-4 0.001476441970037617 7.976834885742269E-4 3.7242365176782765E-6 0.0 
0.0 0.0 0.0 0.0 0.0 6.724175907472022E-5 0.001114817035802627 0.006556178578722039 0.029975906775950655 0.07401826938286314 0.14624317587499663 0.26336805561541965 0.40354514850452605 0.5903639768167136 0.7419126790542581 0.8962374768969742 0.96244022103463 0.9640262299334239 0.8660221268236137 0.7126889796483047 0.5204539918836272 0.3175079518350199 0.1772214364127742 0.07880143155125527 0.03015949009465345 0.005918391228136541 2.9127277091474906E-4 5.066382518995042E-5 1.274485762472881E-4 7.92367753944671E-5 4.3143666943326216E-7 0.0 
0.0 0.0 0.0 0.0 0.0 7.426292354279049E-5 5.454899900184144E-4 0.0053273629254283845 0.02331042244374227 0.05926249175314899 0.12000473918648741 0.21307924961357544 0.34388258341019595 0.5018060003433225 0.6439693235316407 0.7653374717562581 0.8236808174715906 0.7917781968172398 0.7157587555865811 0.5868429041302592 0.43475422166761063 0.28367264645515083 0.156442317409915 0.07121412749941496 0.025148335671447728 0.004899738913245236 7.292119896799424E-5 3.598223025129937E-8 0.0 0.0 0.0 0.0 
0.0 0.0 0.0 0.0 0.0 2.7725263753040892E-5 6.053553802417713E-5 0.0031470560542256765 0.014046809586953566 0.0396264836690264 0.08280476172649745 0.1569146826771923 0.2534937534243421 0.37143886178721525 0.4676200933412241 0.5736804087454139 0.6292190330705341 0.60369204851952 0.5448817842263094 0.4377316098046822 0.31532347330461014 0.20305917620927108 0.11470563918271175 0.05098467436814927 0.017950438363917718 0.003227447146787822 2.143876161984524E-5 0.0 0.0 0.0 0.0 0.0 
0.0 0.0 0.0 0.0 0.0 0.0 4.376373989524827E-6 0.0010977253356823878 0.007581247966975437 0.024176643564039157 0.0536759110050563 0.10200175766619747 0.17037824322717798 0.25693908438683494 0.3409105163055661 0.40243413476921386 0.4382498377128355 0.4215024305054374 0.3755551587516823 0.3006316389153052 0.21991807627626458 0.14319770662245504 0.08029297665382579 0.03532090080997881 0.011346387050576962 0.0019226029428341352 2.2316634924216462E-5 0.0 0.0 0.0 0.0 0.0 
0.0 0.0 0.0 0.0 0.0 0.0 0.0 1.9676328965086224E-4 0.003412353931860278 0.012124384358664494 0.0330908415352687 0.0651815525542387 0.11350521976067035 0.16024347772045547 0.21325024781528532 0.253158368454803 0.26653149801788506 0.2578779456158506 0.22655731544385857 0.1855220179230926 0.13366236077208765 0.08741974751615542 0.05056776125834993 0.022980698932980718 0.007290528242105229 9.603808334603183E-4 4.022230758759632E-5 0.0 0.0 0.0 0.0 0.0 
0.0 0.0 0.0 0.0 0.0 0.0 0.0 2.8731386968153254E-5 0.0012415837121498422 0.006009102976010626 0.019419645047419838 0.040832188475033566 0.06822664680613097 0.09834518610580913 0.12755122983082803 0.15285991546749655 0.16634032113056757 0.16128145181738293 0.14379485794364866 0.11857376086913117 0.08149036071223438 0.052308427263144046 0.02909832901893548 0.011690196353532273 0.0037738921976956624 2.1733679308546681E-4 2.8391954662040602E-5 0.0 0.0 0.0 0.0 0.0 
0.0 0.0 0.0 0.0 0.0 0.0 0.0 2.2803353110805608E-6 2.3976710492082636E-4 0.0031726744499132446 0.008549521410246567 0.02051255460582305 0.03757391899175391 0.05621470313716688 0.07280470015695216 0.08754353684204956 0.09159853907853518 0.09089807608253878 0.08329649809359398 0.0687352249653755 0.04841028370188018 0.028912086855536385 0.013558969251279631 0.00550115293302163 0.0011053227104378146 3.484055691981688E-5 2.0340242340460735E-6 0.0 0.0 0.0 0.0 0.0 
0.0 0.0 0.0 0.0 0.0 0.0 0.0 0.0 2.223707530400702E-5 6.034940810165007E-4 0.004053315177337592 0.008972266255608244 0.020098423598596937 0.030125149565980985 0.03895652481534027 0.047987589485324056 0.049734805950103156 0.05109463202699019 0.04586911257166141 0.036640051633859444 0.025150149055529557 0.012776543977341723 0.006171206899639765 0.002054219003271203 2.3516567891717057E-4 2.789240516640023E-5 0.0 0.0 0.0 0.0 0.0 0.0 
0.0 0.0 0.0 0.0 0.0 0.0 0.0 0.0 0.0 4.4795048287954914E-5 9.291912930792053E-4 0.004449786066332068 0.008107904333433206 0.013728846161571218 0.019082439365322446 0.023880125638685353 0.026699398326908354 0.02655074667045082 0.024072645363805004 0.01747554853807523 0.01116048335328965 0.0059135852158948435 0.0023865722841800623 5.600855885162633E-4 5.0829458173272424E-5 1.8812572714709827E-6 0.0 0.0 0.0 0.0 0.0 0.0 
0.0 0.0 0.0 0.0 0.0 0.0 0.0 0.0 0.0 0.0 8.239801034916202E-5 0.0013296811559700538 0.003486169311634107 0.005991545427825104 0.008246342526933577 0.010307259345775697 0.011017741679239572 0.01005047179203893 0.009677539126873826 0.008092012362200529 0.005079901334057251 0.002578335475961142 4.5898598727584265E-4 5.918317345370871E-5 2.502258311360226E-6 0.0 0.0 0.0 0.0 0.0 0.0 0.0 
0.0 0.0 0.0 0.0 0.0 0.0 0.0 0.0 0.0 0.0 3.3172943880120596E-6 2.5745386178582E-4 0.0010219281556688592 0.0024893273355857683 0.0038396307370664935 0.00515304589215126 0.005744894223445312 0.005643432346747259 0.005084080422906803 0.004031079285621429 0.001932875873511266 5.400319192037484E-4 1.681278990203975E-5 1.8571197743844455E-6 0.0 0.0 0.0 0.0 0.0 0.0 0.0 0.0 
0.0 0.0 0.0 0.0 0.0 0.0 0.0 0.0 0.0 0.0 8.409822546339589E-6 8.318156351368847E-6 3.4916120583614466E-5 2.2230604203830352E-4 7.052196778756494E-4 0.0014694831549512334 0.002673390222440277 0.002408387488099986 0.0024118097938517235 0.0015193194368472004 5.339303573572886E-4 7.012336103235715E-5 0.0 0.0 0.0 0.0 0.0 0.0 0.0 0.0 0.0 0.0 
0.0 0.0 0.0 0.0 0.0 0.0 0.0 0.0 0.0 0.0 0.0 2.8748657515240578E-6 0.0 1.162783080417071E-4 1.0518746180089109E-4 1.8060121086731218E-4 4.395942737524095E-4 3.519559937774332E-4 2.3158283389198956E-4 5.321643851671543E-4 1.4702112751404788E-5 2.040442585281146E-6 0.0 0.0 0.0 0.0 0.0 0.0 0.0 0.0 0.0 0.0 
0.0 0.0 0.0 0.0 0.0 0.0 0.0 0.0 0.0 0.0 0.0 0.0 0.0 0.0 3.5968313779915955E-5 0.0 3.489915010981077E-5 4.576600529829011E-5 2.3235069081018757E-4 3.7614321759203684E-4 1.3929462771690695E-5 0.0 0.0 0.0 0.0 0.0 0.0 0.0 0.0 0.0 0.0 0.0 
0.0 0.0 0.0 0.0 0.0 0.0 0.0 0.0 0.0 0.0 0.0 0.0 0.0 0.0 0.0 0.0 0.0 3.2441182162528403E-7 3.549886717231482E-5 5.478412534138955E-4 4.075115843032177E-5 0.0 0.0 0.0 0.0 0.0 0.0 0.0 0.0 0.0 0.0 0.0 
