64 64
7.503267973856212 -1.0990450647457257 397.9088451061644
0.0 0.0 0.0 0.0 0.0 0.0 0.0 0.0 0.0 0.0 0.0 0.0 0.0 0.0 0.0 0.0 0.0 0.0 5.968308088328547E-4 0.0017154776372802296 0.002323909959137939 0.002181658325293373 0.0016527723579332018 0.0 0.0 0.0 0.0 0.0 0.0 0.0 0.0 0.0 0.0 0.0 0.0 0.0 0.0 0.0 0.0 0.0 0.0 0.0 0.0 0.0 0.0 0.0 0.0 0.0 0.0 0.0 0.0 0.0 0.0 0.0 0.0 0.0 0.0 0.0 0.0 0.0 0.0 0.0 0.0 0.0 
0.0 0.0 0.0 0.0 0.0 0.0 0.0 0.0 0.0 0.0 0.0 0.0 0.0 0.0 0.0 0.0 0.0 1.0092665042960142E-4 0.0014073979570143427 0.004219641668524077 0.007564765190065776 0.011110802689231526 0.018186095866584994 0.026459066994328637 0.03436492044733804 0.0441075013456294 0.05148711304211584 0.05770304512248305 0.05600146655633795 0.04430865094078689 0.028792600612387552 0.012934258203861357 0.0 0.0 0.0 0.0 0.0 0.0 0.0 0.0 0.0 0.0 0.0 0.0 0.0 0.0 0.0 0.0 0.0 0.0 0.0 0.0 0.0 0.0 0.0 0.0 0.0 0.0 0.0 0.0 0.0 0.0 0.0 0.0 
0.0 0.0 0.0 0.0 0.0 0.0 0.0 0.0 0.0 0.0 0.0 0.0 0.0 0.0 0.0 0.0 0.0 1.0678190437752044E-4 0.0020918754216959143 0.004834691522138862 0.008103234584937846 0.012627803726003342 0.020784688382574478 0.030223205808769745 0.042865885988912965 0.06102998583654414 0.08485916187466803 0.11461268944691656 0.13690280950405972 0.1398350287900888 0.13437558779094247 0.11976863686092304 0.11642168654572074 0.09993800780170398 0.09478176276035546 0.08915948259700325 0.07854986924195387 0.06669239470692578 0.04979563858266049 0.033032785485723574 0.017263324630474135 0.0022551931139140956 0.0 0.0 0.0 0.0 0.0 0.0 0.0 0.0 0.0 0.0 0.0 0.0 0.0 0.0 0.0 0.0 0.0 0.0 0.0 0.0 0.0 0.0 
0.0 0.0 0.0 0.0 0.0 0.0 0.0 0.0 0.0 0.0 0.0 0.0 0.0 0.0 0.0 0.0 1.3524937423284743E-5 1.8810462909838482E-4 0.002884698328149048 0.006102380441809173 0.009543273005503724 0.01548147324600267 0.0250700752800121 0.034021240059578337 0.04786528979739398 0.0679422574375702 0.0961106496717889 0.1250642390489061 0.1519952971830778 0.15362558485113495 0.15019878495830447 0.1337367608187482 0.12504886574480167 0.12321880014749596 0.12953291645655443 0.13865483847905524 0.14515881817045118 0.1493346744553887 0.14499340546516562 0.14004160722495 0.1365272586221403 0.13109952959871252 0.09998568843255906 0.0630796896306668 0.03545058722096084 0.016150863583531506 0.005190938662796587 0.0013273682368008435 5.793165124178671E-5 0.0 0.0 0.0 0.0 0.0 0.0 0.0 0.0 0.0 0.0 0.0 0.0 0.0 0.0 0.0 
0.0 0.0 0.0 0.0 0.0 0.0 0.0 0.0 0.0 0.0 0.0 0.0 0.0 0.0 0.0 0.0 1.2503581258466368E-4 7.866692852983102E-4 0.0035772831260363147 0.007514805184845648 0.011540455912577397 0.020224029677879753 0.02942337214993379 0.039597722797917456 0.052854918166623965 0.07197709687903145 0.10052958411355783 0.1306756124982789 0.1619300293332779 0.16984273262091404 0.1756286139024827 0.1600321705462106 0.14650740032634255 0.1368106545289091 0.13620616030239388 0.14187708580299832 0.1498145757521473 0.15004606466833378 0.14525397977253374 0.13830647539084098 0.13548739914756722 0.12496968551627831 0.11187341562640507 0.08621904026066785 0.058819045243082846 0.03347883871724554 0.014731213448937403 0.004445738202574479 3.297173125385569E-4 0.0 0.0 0.0 0.0 0.0 0.0 0.0 0.0 0.0 0.0 0.0 0.0 0.0 0.0 0.0 
0.0 0.0 0.0 0.0 0.0 0.0 0.0 0.0 0.0 0.0 0.0 0.0 0.0 0.0 0.0 0.0 8.631586484053267E-5 0.001672876005475928 0.004543257470719845 0.008846643440991769 0.013965748023515282 0.022858166048365425 0.030602589907049803 0.04083515350997835 0.05330532277761433 0.07436847901699167 0.10266332209724048 0.13424815219491038 0.1698559001113831 0.19025670129893307 0.18126225433391085 0.16540927291404192 0.1627341233841089 0.14933657805750394 0.1467936778835447 0.14641689721759377 0.1510254922902559 0.14623158446233395 0.14139988142396612 0.13268559389986845 0.13049769662685504 0.12532458789031808 0.11511862840662644 0.095639604380093 0.07086486846560149 0.04548089190013289 0.022827326081310613 0.00730579323892419 9.82195861882174E-4 0.0 0.0 0.0 0.0 0.0 0.0 0.0 0.0 0.0 0.0 0.0 0.0 0.0 0.0 0.0 
0.0 0.0 0.0 0.0 0.0 0.0 0.0 0.0 0.0 0.0 0.0 0.0 0.0 0.0 0.0 0.0 2.2212292241423925E-4 0.002379113778298407 0.005718524688518185 0.010336509246627434 0.01743587959602193 0.02547851684013337 0.03404971595772953 0.04565185988498577 0.06106526973790417 0.082265309411384 0.10799727881173728 0.14161071823385887 0.17999390358951936 0.2089361652390985 0.18951528250605232 0.18015805595876197 0.18943016072604443 0.17545882424477063 0.16179127449467057 0.1558539684413998 0.15373551291617554 0.14659224559788525 0.1368924057458213 0.12848116214688776 0.12592252494778267 0.1251585479348075 0.11624681594696916 0.1024640936989611 0.08096645599936798 0.05689135434002375 0.030896974648073675 0.011309917609882965 0.0025695817207034327 1.429613439235855E-5 2.634066599945102E-8 0.0 0.0 0.0 0.0 0.0 0.0 0.0 0.0 0.0 0.0 0.0 0.0 0.0 
0.0 0.0 0.0 0.0 0.0 0.0 0.0 0.0 0.0 0.0 0.0 0.0 0.0 0.0 0.0 0.0 4.7891237266093603E-4 0.003385788968682915 0.007251039778185213 0.01239836603114702 0.021517998353377227 0.028947299706000202 0.038717901964549974 0.04905595129551314 0.06493579845817074 0.08880829500994382 0.11987945835053315 0.1581640939635984 0.20329540216817335 0.22989493310065057 0.2267797704790749 0.21584106591648783 0.2204329822537988 0.2034734759239244 0.1897255954164823 0.1771825690885785 0.17216136261509019 0.160836235770279 0.1415483533487729 0.13636986713477411 0.1308168782966552 0.12857195471654256 0.12207469985773643 0.11343083000001833 0.09638214571716774 0.06937070179332047 0.04045660939197527 0.016212273179232652 0.004768848858015443 1.713428300804857E-4 2.280692014164916E-6 0.0 0.0 0.0 0.0 0.0 0.0 0.0 0.0 0.0 0.0 0.0 0.0 0.0 
0.0 0.0 0.0 0.0 0.0 0.0 0.0 0.0 0.0 0.0 0.0 0.0 0.0 0.0 0.0 4.773490856588768E-5 0.001075921539164972 0.004499448856987954 0.009199469825069669 0.016011324149863386 0.026483625227384653 0.035128364605868816 0.04614211199817636 0.057554918639384375 0.07556371082610558 0.09575416183091152 0.13322142614728846 0.17175698532566414 0.2267789247936209 0.25348835029886885 0.2901522079951302 0.2889800119158124 0.2682624892989326 0.23403872618590107 0.22625872632265992 0.20320113388139716 0.1978805189712438 0.18009310659853062 0.15886165428103113 0.14985379861366097 0.14671327371093087 0.14668617163293912 0.1425267415625946 0.13552203252447045 0.11991752982314237 0.08881740438732562 0.05458378096968105 0.024023089866002465 0.007367667112159088 7.015506493865045E-4 4.346577806976473E-5 0.0 0.0 0.0 0.0 0.0 0.0 0.0 0.0 0.0 0.0 0.0 0.0 0.0 
0.0 0.0 0.0 0.0 0.0 0.0 0.0 0.0 0.0 0.0 0.0 0.0 0.0 0.0 0.0 1.0975790651823571E-4 0.0014578255236939919 0.005116298538939667 0.010430844898749462 0.01988375845742116 0.029337362533297072 0.04032736432051387 0.051927872308898115 0.06479969515423117 0.08180858798225465 0.1032025899631028 0.1409400297463836 0.18108764561281562 0.2424554634086747 0.281624015745834 0.30649699720847184 0.31570748418855266 0.3077869914686084 0.270630871281195 0.25222166606631 0.2233209270278422 0.21491307332223403 0.1902749813562878 0.17475043981980687 0.16468247897508606 0.16051259631954456 0.1544558708965842 0.15443028622871222 0.1501486314553435 0.1395287049707457 0.11100237287351918 0.07251489353981527 0.03428964841905846 0.010777561495829192 0.0016102098556481411 6.605289848970114E-6 0.0 0.0 0.0 0.0 0.0 0.0 0.0 0.0 0.0 0.0 0.0 0.0 0.0 
0.0 0.0 0.0 0.0 0.0 0.0 0.0 0.0 0.0 0.0 0.0 0.0 0.0 0.0 0.0 1.3807984906363346E-4 0.0021096913950117225 0.005588887451262838 0.011266702804157524 0.02141782695795589 0.03179969261848858 0.04459200911318381 0.05514407017369785 0.06870144806960903 0.08733348524370443 0.11330346913711045 0.1474522229830411 0.19196133516123762 0.25523150650168214 0.30589636812973986 0.34278529728055895 0.36916579467355337 0.3431035759287244 0.30539866140295757 0.2742744276656092 0.24155974050056878 0.2190650402914737 0.1905210957537901 0.1720395828730562 0.15947776228147137 0.15239860638420286 0.14623493739370963 0.14949071955811444 0.15382331957737924 0.14950332990334314 0.12439516705953745 0.08428366768558815 0.04434578975420572 0.01533270441254289 0.0035315838609201915 4.497410465669556E-5 0.0 0.0 0.0 0.0 0.0 0.0 0.0 0.0 0.0 0.0 0.0 0.0 0.0 
0.0 0.0 0.0 0.0 0.0 0.0 0.0 0.0 0.0 0.0 0.0 0.0 0.0 0.0 1.678767871265807E-5 7.211280815989152E-5 0.002232201930308494 0.006269529121084075 0.012002568472298098 0.022275962481535495 0.03430996712169062 0.048188851626080456 0.06235165030995802 0.07946368699937918 0.09827356702948156 0.12289531478889812 0.15901017796315248 0.2104707202103717 0.2750847686272759 0.34202312379593 0.3842667549920918 0.4271124951487129 0.4005789072695651 0.37028152211205706 0.3172882016644738 0.27879429935061706 0.24004942869109838 0.1984787759118907 0.17245702597259113 0.15566800676530734 0.15021017457734073 0.14564600091057545 0.15194437108566652 0.16075814977131908 0.15687783635102173 0.13344241762156817 0.09111155266105093 0.05148126045260978 0.02061873858548044 0.0045955081345848015 1.686106958380344E-4 0.0 0.0 0.0 0.0 0.0 0.0 0.0 0.0 0.0 0.0 0.0 0.0 0.0 
0.0 0.0 0.0 0.0 0.0 0.0 0.0 0.0 0.0 0.0 0.0 0.0 0.0 0.0 1.4367597514921227E-5 5.661100119563531E-4 0.0031764951948682293 0.0075919485284954066 0.01397445167564874 0.025629625382491982 0.03788873027649703 0.053136099981735796 0.0668950452619526 0.08394973167519597 0.10477363514449166 0.1334232050767754 0.1704963498478972 0.22933277774739724 0.29557584103783474 0.3653513333459319 0.43269156325216895 0.49372354941186064 0.47889387910106435 0.42975034640063925 0.3750621146781819 0.3219036483736001 0.277067008323938 0.2265224565318354 0.19598778091282643 0.1753898512714236 0.1610361469557149 0.1599338355636512 0.15994879580950078 0.17111697388623168 0.16773416103533056 0.1455147127537889 0.10270769029822986 0.059498052028645596 0.025466731748989283 0.006424890568618451 3.369737430268249E-4 0.0 0.0 0.0 0.0 0.0 0.0 0.0 0.0 0.0 0.0 0.0 0.0 0.0 
0.0 0.0 0.0 0.0 0.0 0.0 0.0 0.0 0.0 0.0 0.0 0.0 0.0 0.0 4.902096485414572E-7 7.870942118525849E-4 0.0038817722420139917 0.008800599384622 0.01718405120123606 0.028866590602827 0.043948362838351525 0.060804631430103395 0.07481433688205279 0.0945947334385809 0.11726936210341687 0.14495350791874362 0.18397815060901615 0.24217148328779745 0.30352549908473253 0.38362003841031483 0.4627333891982755 0.5145070096833934 0.5176556676021017 0.4745833119564684 0.40752781293640084 0.34944488328269185 0.2947071487622169 0.2393130269192227 0.20661949358684575 0.18638506606446856 0.16878621791932558 0.1690557355983109 0.16589978193484659 0.1765148205593425 0.1773055752621139 0.15746851618376254 0.11429047729429649 0.06950843896712974 0.03154304299709529 0.008299152462274613 5.489266478801079E-4 0.0 0.0 0.0 0.0 0.0 0.0 0.0 0.0 0.0 0.0 0.0 0.0 0.0 
0.0 0.0 0.0 0.0 0.0 0.0 0.0 0.0 0.0 0.0 0.0 0.0 0.0 5.480391456587356E-6 1.8371281425189177E-5 0.0014671963629208373 0.004655032519300911 0.009953517213553077 0.019874083384088245 0.031430021791995166 0.04688558671015572 0.06518176442086546 0.08171064602934802 0.10140794708837003 0.13226589629533128 0.1515743667266866 0.19711532510918828 0.25762604463413247 0.3236843693601807 0.422670658799364 0.5175880955744808 0.5774933591381135 0.6046946989908949 0.5517360197576234 0.46619685936566563 0.3874827649626131 0.31600898818363665 0.25186143316866044 0.20809003827956213 0.18800212773364156 0.16680928972636352 0.16708495077260965 0.16108812066460415 0.17131315187427115 0.17030103688719594 0.15162049851597564 0.11695360284416392 0.07508937952384213 0.03792540933089947 0.011037527055837855 0.00170833055621806 0.0 0.0 0.0 0.0 0.0 0.0 0.0 0.0 0.0 0.0 0.0 0.0 0.0 
0.0 0.0 0.0 0.0 0.0 0.0 0.0 0.0 0.0 0.0 0.0 0.0 0.0 7.386603601751844E-5 2.1474489956736196E-4 0.0022259036054401707 0.0054254881021122674 0.01153713385466845 0.022865971078056154 0.03654069093816296 0.0531237806536071 0.07284494326523734 0.09606263187790719 0.1105035714634705 0.14383624284694935 0.1681986300213434 0.2230345915438285 0.27779608507728265 0.348480606469394 0.45667845644213756 0.5588844938571068 0.6470447383058544 0.6764308502479227 0.6176294069153019 0.5159096663539942 0.4093282849207993 0.33576272249188677 0.26732054555668044 0.21449546316334134 0.1838659974694446 0.16517595431234292 0.16199490531906602 0.1661849028139352 0.17007575314866966 0.16878331972586155 0.14645957684947936 0.11435473176134649 0.07605327584584104 0.04030628911977893 0.013673025521168277 0.0025105926912167525 5.96793217402337E-5 0.0 0.0 0.0 0.0 0.0 0.0 0.0 0.0 0.0 0.0 0.0 0.0 
0.0 0.0 0.0 0.0 0.0 0.0 0.0 0.0 0.0 0.0 0.0 0.0 0.0 7.79201869524351E-5 3.3251344312347584E-4 0.0029453066749589724 0.0060644144232262975 0.012532375382439604 0.025531722206406635 0.040901986089920954 0.058855988239860976 0.07902438387971804 0.10691302774375896 0.1246389895564309 0.16139483625134177 0.1896144933844525 0.24643046092577828 0.30117446787681146 0.3769322580833192 0.4833803953728917 0.5781701466262968 0.6544177576525004 0.7153006013072851 0.6808056411521328 0.5762382323229936 0.4639697612121475 0.36376145156212314 0.2835578702665096 0.218032136203963 0.17621674246032834 0.15816815051903413 0.14921337487572442 0.16110793252737066 0.17094940891842655 0.17033070245559678 0.14776530400927337 0.11663799969595731 0.07859885764754823 0.04452078696448576 0.016788680184241782 0.0034812929177111367 7.699132061497136E-5 0.0 0.0 0.0 0.0 0.0 0.0 0.0 0.0 0.0 0.0 0.0 0.0 
0.0 0.0 0.0 0.0 0.0 0.0 0.0 0.0 0.0 0.0 0.0 0.0 1.4991064739729546E-6 4.737099414209496E-5 8.622665818746194E-4 0.003670594944939025 0.007551647357413558 0.013959480725506786 0.02769509355081971 0.042918667668117 0.06114375615435334 0.08330904874107178 0.11620059048536006 0.13222544913258055 0.16485876249533582 0.2037973185309323 0.2611675172924197 0.32152823129128283 0.40813252993891247 0.5175746753484862 0.6104072965030698 0.7040795774163352 0.7475047661670668 0.7401935106205475 0.6375987463039141 0.5155620597436423 0.4018101888804238 0.31056173110285457 0.2430551230842231 0.20275273423090914 0.18079050505930605 0.17256318089711975 0.17379462892592776 0.17726671939792682 0.1701888703604077 0.14552451359579047 0.1198608357273441 0.08219376103919668 0.04883222623108975 0.020494632385251496 0.0053036072885043455 8.368792710008312E-5 7.184915057061073E-5 0.0 0.0 0.0 0.0 0.0 0.0 0.0 0.0 0.0 0.0 0.0 
0.0 0.0 0.0 0.0 0.0 0.0 0.0 0.0 0.0 0.0 0.0 0.0 6.64703815021662E-6 2.331383655481007E-4 0.0015867356029062548 0.004274389416737249 0.008652573931709333 0.01549925954414781 0.029879645294093 0.0468237141113847 0.06783689258862512 0.09375501603631345 0.12630221832865954 0.15364882262346194 0.1917848032102948 0.23008627269728052 0.2954951986302682 0.348611495102274 0.4382922501630521 0.5446914485803329 0.6316317205426307 0.7497621586692853 0.7845308994090426 0.7756196108925691 0.6807024291263667 0.5551086389578532 0.4374081704399438 0.329657435918855 0.25689798152262466 0.21225075838590954 0.1924834965291545 0.18504855669120085 0.1861640594558481 0.18052579823777745 0.16284703801871311 0.13670122686656752 0.11451513184446192 0.08388940808166159 0.05214696167118497 0.02349154488924397 0.005689692101570945 2.148455403263033E-4 4.4438584892128305E-5 0.0 0.0 0.0 0.0 0.0 0.0 0.0 0.0 0.0 0.0 0.0 
0.0 0.0 0.0 0.0 0.0 0.0 0.0 0.0 0.0 0.0 0.0 0.0 9.239099714772546E-6 2.9039348042750204E-4 0.0017396986707323447 0.0046582543795491435 0.009255110417357803 0.01776204963710159 0.03223096997044199 0.05000150421403394 0.07243008066592108 0.0982403804277792 0.1342110807552901 0.17117062405155417 0.20700262488293122 0.25420236828310566 0.32616182181252085 0.37061251217959834 0.47659519638098846 0.5873087194661397 0.6563914894588353 0.7727912774707688 0.8396638711417471 0.8368601638399317 0.7313002331712222 0.6009280088693899 0.47550271697668567 0.3516703526491425 0.2723935993139617 0.22161080120030244 0.20107044361857265 0.19790560489178574 0.1921432593305707 0.1797899465269518 0.1553871642465751 0.1271743115363743 0.09931245105425812 0.0786117386883813 0.05161774133220337 0.026319904534821966 0.007494023587729093 4.81538428874238E-4 6.367714525769879E-6 0.0 0.0 0.0 0.0 0.0 0.0 0.0 0.0 0.0 0.0 0.0 
0.0 0.0 0.0 0.0 0.0 0.0 0.0 0.0 0.0 0.0 0.0 0.0 4.733973604087637E-5 2.585518860809555E-4 0.0023861114900010204 0.005244919888155886 0.010824758217641567 0.020553754800488266 0.03438871321465171 0.05305588579171519 0.07610777899835518 0.10767047947366032 0.14600107976145332 0.18922567560240677 0.23181709438492365 0.287246052647301 0.3442687583160346 0.39655678241806347 0.5053673015633515 0.6092461272062561 0.7217225848045408 0.8219011258369865 0.8474192929980923 0.8921174394630613 0.7964683138927751 0.6658288904721034 0.5274837884182577 0.387722447729773 0.2949587895108401 0.23909814311741956 0.21121523404876508 0.20559471300052243 0.20167754939903162 0.1803626729661754 0.14865643432082115 0.12013025066640161 0.09038197659997182 0.07265280994477254 0.05017893354028266 0.028023941211483064 0.008367287889158786 9.038089934193708E-4 0.0 0.0 0.0 0.0 0.0 0.0 0.0 0.0 0.0 0.0 0.0 0.0 
0.0 0.0 0.0 0.0 0.0 0.0 0.0 0.0 0.0 0.0 0.0 1.4475842032414576E-5 5.0388279582155264E-5 3.1476048136699745E-4 0.0026443301063610244 0.006238570814035147 0.012128446888835364 0.023696186332760848 0.03659142755926641 0.056199683491372845 0.08015495574200697 0.11395918365006726 0.15536029131985582 0.2038416016489763 0.2506261689730948 0.31416967001125656 0.36816161889304605 0.4373003698887219 0.5265843471852482 0.6368293239614005 0.7398951791905674 0.8199980610876652 0.8749870143317289 0.8897592248469738 0.8357545646186378 0.700416874092599 0.5623645131101528 0.42815616968906217 0.3262589628337577 0.2642849172091737 0.23411589587335824 0.22602819717942982 0.20852321651648187 0.18525211852414147 0.1453396552366331 0.11344534901417841 0.08741340052502203 0.06810234886630556 0.049962976305125674 0.029564064930520495 0.009670471284454411 0.0011231884715573604 4.813053203267925E-5 0.0 0.0 0.0 0.0 0.0 0.0 0.0 0.0 0.0 0.0 0.0 
0.0 0.0 0.0 0.0 0.0 0.0 0.0 0.0 0.0 0.0 0.0 6.480769647667053E-5 1.3598855797593434E-4 8.332910521618424E-4 0.0029815952465081035 0.006775475871441299 0.013020651728332002 0.02632765061013114 0.04154488089909847 0.06272681394246238 0.08720419735346906 0.1251825592014948 0.17298851310883795 0.2093205154018125 0.27758296005358896 0.3404245764432577 0.4035340515617749 0.4798518594880523 0.5438521978740787 0.6471192239204762 0.7313386865921506 0.7932632314277297 0.837082571271256 0.8619915160631036 0.854183482953402 0.7287407070928619 0.5874603486706504 0.45660921167570123 0.3496555659204392 0.2856105483801871 0.2553601538005455 0.23801212428430712 0.2177670156493051 0.18113198684853907 0.1388476268440015 0.10232851014522915 0.07779433321843014 0.06001450478284111 0.04887655573470009 0.03215224732625134 0.012169264931766205 0.002559081575693351 5.893666956860907E-5 0.0 0.0 0.0 0.0 1.2538430121408118E-7 2.4216052791479125E-5 1.124780056293683E-6 0.0 0.0 0.0 0.0 
0.0 0.0 0.0 0.0 0.0 0.0 0.0 0.0 0.0 0.0 0.0 8.156852142620209E-5 1.9349500240549365E-4 0.0014816187848679112 0.004057482014246396 0.008013503238576353 0.014992011377864392 0.02879793154600911 0.04698372867268668 0.06838244327431162 0.0949269724452753 0.13635008836728957 0.18297248473674724 0.23824009317427025 0.309451989369548 0.363679311836436 0.44903989193779276 0.5168720465196927 0.5756907928856113 0.6683018688728467 0.7327062025080617 0.8006362628352108 0.8504985747053332 0.8705828095436196 0.856257359761346 0.7611508535681314 0.6220836578594842 0.49620626724223577 0.38959585287742526 0.3146480512466979 0.27248670891670895 0.2479579848350633 0.21882983341020426 0.17847607505228677 0.13453607962434608 0.09229072413390595 0.06891710520538792 0.05421169983568662 0.043486519039886394 0.0320935220583107 0.01335400010843873 0.003334891334312962 1.0857380617592974E-4 0.0 0.0 0.0 2.129294174525504E-5 1.8587760969354353E-5 1.5083250989877186E-4 2.697295429950777E-5 0.0 0.0 0.0 0.0 
0.0 0.0 0.0 0.0 0.0 0.0 0.0 0.0 0.0 0.0 0.0 6.790226285191591E-5 1.5562581093426863E-4 0.0017681770597728532 0.004240018978850562 0.008562404304584098 0.016860953945496686 0.030938075577496633 0.05005105912303376 0.07301255407724498 0.10337274362265343 0.14813662171370648 0.2062142696926777 0.26324724483863127 0.3316317384430287 0.4106764765335641 0.4930242064340538 0.5556602451871713 0.6290662151474272 0.7253911073238581 0.7839955133314357 0.8547611431207256 0.8623572658937999 0.8915407586256688 0.8864789295373547 0.8094895119845195 0.6888402917023863 0.5658029506099777 0.4694015107446084 0.38488570993647186 0.33174413310110396 0.29017325825254814 0.24025621244228418 0.18450319633688583 0.1344612190022007 0.08876880913791656 0.06414287354925348 0.05022529584687472 0.03968814758550509 0.03094967409109792 0.013424306931387086 0.004522568052949908 2.4090677915908874E-4 8.046120201169668E-6 8.773904007555219E-6 0.0 4.096234973624467E-5 6.538986723663546E-5 1.491223469279426E-4 1.1701830663703787E-4 1.831713519865518E-4 0.0 0.0 0.0 
0.0 0.0 0.0 0.0 0.0 0.0 0.0 0.0 0.0 0.0 2.578208768825346E-6 1.1236899972764094E-4 2.7237354651217434E-4 0.0017929396201904711 0.0051857984164054224 0.009323899801841033 0.01879270650253604 0.034375449553750305 0.054733065575174725 0.08019225388975844 0.11412317849918306 0.1626522744904017 0.21814169405973155 0.29098568064724306 0.36803247543291334 0.44954772439203156 0.5403186339118236 0.5999156833406708 0.6745636938435291 0.7449865758121552 0.7932439444464012 0.8254196948488978 0.8319747945355729 0.8580227554889533 0.879262130987677 0.8308251601292002 0.7380502190701123 0.6321736015358913 0.542006799434528 0.44974467551381264 0.3778614600570539 0.32693236313693064 0.2691796295621185 0.19210294835280678 0.13216741125781414 0.08519252270270798 0.0588890779889083 0.044774172662140975 0.037437186424601684 0.030543778764306546 0.016152654809432447 0.006001987148165657 9.439852124527781E-4 1.5255032394166442E-4 9.720419817238273E-6 5.561437603307219E-5 1.963199523725451E-5 1.0202214344955603E-4 1.6060582789239908E-4 3.632066440060276E-5 2.7062480144627243E-5 0.0 0.0 0.0 
0.0 0.0 0.0 0.0 0.0 0.0 0.0 0.0 0.0 0.0 3.579596869940828E-5 4.960421674600198E-5 4.687779151355541E-4 0.003225982759383994 0.005850299873862713 0.01077390761156562 0.021366921914620092 0.037946532825634885 0.059423010473942904 0.08764620972108789 0.12202063720887583 0.17098423079269406 0.23585399486370895 0.3006302865663377 0.378373341201428 0.449723090716257 0.5515888705078885 0.6118004212667184 0.6830960452279297 0.7277963961659313 0.7606805388183776 0.786934212123343 0.8187186499241281 0.8297523983453418 0.8694365097154362 0.8483981073254644 0.7697139114747997 0.6751715035453459 0.5827899817642562 0.4851913266928825 0.39584445306013605 0.31501049493634076 0.25285279323980386 0.18223145135581298 0.1250246084368181 0.08170852168914841 0.05716402409360341 0.04175647158253775 0.03548682146313918 0.029293285195246318 0.016780832256251838 0.007739365219697025 0.0022395231801013234 3.078002914553944E-4 2.3361955007305698E-5 8.363123831218418E-5 4.414197940038784E-5 2.456230722727688E-4 2.9990818893998805E-4 2.0761541496209666E-4 1.0922397650081019E-4 0.0 0.0 0.0 
0.0 0.0 0.0 0.0 0.0 0.0 0.0 0.0 2.18815867117316E-6 0.0 8.887047855927674E-5 1.3926513995764458E-4 6.358556809611605E-4 0.0026392885927886676 0.005491018008296522 0.010993646067831422 0.022752474855802122 0.03987509029481556 0.06202008394010458 0.09235062676816065 0.13047648275730822 0.18607852388205046 0.2623593485179535 0.327919409763534 0.415430738607746 0.48369916631724036 0.5807757126957425 0.6173705055942393 0.6874403653871494 0.7182683163074839 0.7495214018413611 0.7650603640458148 0.794800834837415 0.8173155666516906 0.8680074200439878 0.858805982303224 0.7925311659753959 0.7310840494836532 0.6476085937773304 0.5418048990488443 0.44114272947137956 0.3520439048181593 0.26894680050453135 0.1937340835520642 0.12598808807267337 0.08146808224464144 0.05783679159402822 0.04140018524635135 0.035460465708124875 0.030626175444316096 0.020452998815267392 0.01143590756862511 0.005109010294592198 0.0029938587503780655 0.0023534862586011567 0.002253244954361742 0.0024071802318606796 0.0023793810217836516 0.0017026714260479155 7.63556811858791E-4 2.0092629777370902E-4 0.0 0.0 0.0 
0.0 0.0 0.0 0.0 0.0 0.0 0.0 0.0 1.3364009216422006E-6 4.949721263889149E-6 7.783559874644114E-5 1.2068105579220523E-4 0.0012854020969364608 0.0033119995173309285 0.00645371821401577 0.012331493347191963 0.024028509705443613 0.04261235077433255 0.06862703719565996 0.09833496636943555 0.1378124130161275 0.19313116554289103 0.26438173340442894 0.34689178950913846 0.44847273214233413 0.5259548827471765 0.6109651345350933 0.6581127070111351 0.7185647683039379 0.7517091225280822 0.7218689991296383 0.7500047321169541 0.7791163960553281 0.7886549806172197 0.8378421581838321 0.8526880350183729 0.8216612971286865 0.7879397440857511 0.7229057067662544 0.6123783009437163 0.5068110422143439 0.4006128540250749 0.2865903091077462 0.19933271924423773 0.1273223993879412 0.0824112353477284 0.05998477571945855 0.042407105126514105 0.03502114129096785 0.030092308462190874 0.019778220352807505 0.011482045616464508 0.005890821880489358 0.0031257874362499273 0.0031161777409601426 0.0036131050488048717 0.004553576130222856 0.0062187741968215355 0.007566245041046493 0.006757295170254253 0.003990799989226029 0.0 0.0 0.0 
0.0 0.0 0.0 0.0 0.0 0.0 0.0 0.0 3.412834633032561E-6 4.724685400708361E-6 2.4290231617930635E-5 8.882189687099524E-5 0.0013947562832627761 0.0036691691550118886 0.007181407598572123 0.012866022725464233 0.026982482476267448 0.04601812433292956 0.0754238468748318 0.10715723654836944 0.14824949784386926 0.20596141295249923 0.2817816324035358 0.3656429435554858 0.45987092192736095 0.5480025587972045 0.6352692626302292 0.6953312236736441 0.7417960599069817 0.7493289564263858 0.7285442271358854 0.7548822865204978 0.7450396831909273 0.7744093536980841 0.8267478286023268 0.8696381892079915 0.892589879595047 0.8594084353404515 0.7951481599782486 0.6703427982186122 0.5442533610564814 0.4130612280549706 0.2914605139153214 0.19890485078709705 0.13038146983185794 0.08361306839460511 0.06148479444296222 0.04553383202541093 0.03726991750012302 0.03236900977529435 0.02837532439776678 0.015936949159802104 0.009032353802213315 0.005494197151944216 0.00515753209580149 0.005307940650003467 0.0045344070747049305 0.0031058875694691757 0.0012890602602085937 4.3700590499266E-4 3.1407451472522535E-4 0.0 0.0 0.0 
0.0 0.0 0.0 0.0 0.0 0.0 0.0 0.0 2.0843622581317856E-6 0.0 8.124535058790332E-6 1.368113321836988E-4 8.862531165302772E-4 0.0035547894627358666 0.007170681483277353 0.013217369690486624 0.02838713384647855 0.047656996792396995 0.07635959672486814 0.1145583055433875 0.15871558076040343 0.22580683062263837 0.30523301457638763 0.3836062859857021 0.48751888928375425 0.5709321158260421 0.6535799252301863 0.7057134624369769 0.7512815252158658 0.7451439206534015 0.7253194691672801 0.7327349318934774 0.7225129358958967 0.7459355977634893 0.8187614250872035 0.9032205223226994 0.92242738493422 0.9197948752198825 0.8672209582440548 0.7541361408280609 0.6108713920183605 0.4594333592212988 0.3261677609319469 0.2126756887183612 0.13583588349446654 0.08726686864776415 0.061055364744534456 0.04367633082366112 0.034937998246157266 0.03158083914336792 0.026869204682040404 0.016358517669531315 0.01067031426734651 0.007695925404725453 0.007099816347530727 0.008151606183569695 0.009524828759709418 0.008171362011866705 0.00599882493174185 0.0035377340237168426 0.0011079720751001256 0.0 0.0 0.0 
0.0 0.0 0.0 0.0 0.0 0.0 0.0 0.0 0.0 1.8952019814785247E-5 1.2064198996042734E-5 1.6321834967915607E-4 0.0011052707021910035 0.0031939738680538954 0.006670014474849688 0.01311297617839029 0.028692803624610318 0.0499627722272222 0.07922157734833138 0.11983898312593931 0.16658139227698004 0.22928778448335613 0.30469251526829494 0.39836079408851405 0.5058166247099178 0.5899958677277183 0.6644839960972024 0.7194247373695515 0.7491780850845349 0.7409710390964231 0.7281722722353159 0.7285676694027402 0.71842765526783 0.7371756512298437 0.7852760089323444 0.8780026479792467 0.9268292194501818 0.9437910841061768 0.8985711923818621 0.7906470474603344 0.6463504668710447 0.47553771459665395 0.33036845236875034 0.21082734339407824 0.13547961365994168 0.089561756340695 0.06175913582031801 0.04407160343595254 0.03458811762435083 0.03177010573548597 0.028550286985146937 0.018671446959800376 0.012265287843983813 0.009153213434155254 0.008345820249682728 0.00819011890954412 0.009240718744922565 0.009329319428467719 0.008403343263980071 0.006388545548145063 0.003525770298411254 0.0 0.0 0.0 
0.0 0.0 0.0 0.0 0.0 0.0 0.0 0.0 0.0 7.53100440152749E-5 3.7871293586880213E-5 2.559368013534352E-4 0.0012366036924015464 0.003578435227219534 0.006730994646068843 0.013310638556994062 0.029706170082033287 0.05339027241196254 0.08442810535461304 0.12872574283032748 0.1709644297928555 0.23786389035104819 0.31465442442236125 0.4101612589153068 0.5054224665276235 0.5972715207666102 0.6740360414892749 0.7439525353388569 0.7491256516444431 0.7442059785697545 0.7238800896514344 0.7098324153009523 0.698460707057297 0.7164674757423887 0.7805711428152733 0.8613086580889999 0.9506495686819292 0.9792625793017777 0.9233639854979754 0.8161662653485602 0.6462536624573354 0.45854471990858603 0.3267480890247555 0.20618183544410898 0.1337507572564097 0.09082156784161469 0.06370247835556561 0.04509096855209376 0.03530822979167316 0.030953177045869116 0.02861020244204842 0.020880375638637084 0.01273677619702073 0.008743042964718872 0.007882658278346718 0.007740898454566428 0.0071782549676789355 0.005719493438089069 0.004407355496264344 0.0017507768288339083 6.566762984450239E-4 0.0 0.0 0.0 
0.0 0.0 0.0 0.0 0.0 0.0 0.0 0.0 1.345275150315927E-5 5.461821053949468E-5 1.0110022091077653E-4 5.237560507855482E-4 0.001101971541058051 0.003655802722881083 0.007034133864477163 0.01403948575554669 0.0293910549757734 0.05444498798729954 0.08658823302104869 0.13333871952894175 0.1785125774280856 0.25316279839051326 0.31805378110820204 0.4143975069523382 0.5196288588110343 0.5997572141299716 0.6793686575472319 0.7522336894629326 0.7648113201870426 0.7432188565397169 0.734841940142287 0.7132714462497313 0.7053673916755457 0.7282127251123313 0.780590552592251 0.8738908380666282 0.9711196305941161 1.0 0.9528806006595619 0.8420068631821159 0.6644582139387969 0.4858223814048827 0.32984588927216923 0.20110456385478484 0.12809289564335125 0.0873697781528696 0.06200859545178513 0.04414025204616913 0.03447004275649731 0.0297882595912135 0.028444603586852878 0.02049274484430583 0.01253795792629761 0.007830880218102326 0.006489198827659881 0.006340830399601025 0.006583765735842905 0.004942025075595995 0.0037589364357787005 0.0020996968096898562 5.231031611564293E-4 0.0 0.0 0.0 
0.0 0.0 0.0 0.0 0.0 0.0 0.0 0.0 1.4035476296106714E-5 4.979463652592769E-5 1.1004607626566992E-4 4.3461692287363805E-4 0.0014486625568445875 0.0032108989051430046 0.006898770348080549 0.015397059413300945 0.029656253789768355 0.05584115563624848 0.08904964920214971 0.13317518803170497 0.18157465499839012 0.24508060472738413 0.33317203450579835 0.41747684533358836 0.5092547241438892 0.5916994230632254 0.6842158545175655 0.7316657660531787 0.7439210042128513 0.7352823440433538 0.731283384890588 0.6933064539318248 0.6860045901267323 0.7136071167722408 0.7647053465468829 0.8416314843950006 0.9418683348971453 0.9621480614852456 0.9370571810562676 0.8332278481224283 0.6563890674828028 0.4896119745501741 0.30793988055127375 0.1906486202784673 0.12160846869249162 0.07996261568575923 0.05592117761069299 0.04024622257762699 0.033172173523682735 0.02959068108950019 0.027851520834776575 0.021191980745233714 0.01269878368106968 0.006529457291840791 0.0038327337317786824 0.003955456332340757 0.005196722030893443 0.004701211866863954 0.0041247025743363416 0.002245933862536694 6.553394627798547E-4 0.0 0.0 0.0 
0.0 0.0 0.0 0.0 0.0 0.0 0.0 0.0 1.7716788640734648E-5 7.230654046552525E-5 1.667185090298349E-4 2.2658586763256945E-4 0.0014271317282385494 0.003381009431844458 0.007092466787138793 0.013875633436918222 0.03027096687059803 0.05722984244868619 0.09241779730934196 0.13765352052399588 0.18863798344283703 0.2472537565649631 0.33394461316958973 0.40471974202886574 0.49506078878499754 0.5676073128835989 0.6536585369009262 0.7058323295141959 0.7183729421135678 0.704304730039925 0.6893879267091225 0.6784546717080917 0.6698706958812185 0.7091506617342802 0.7432123236901704 0.8165404248344655 0.9145601754042212 0.915486208299371 0.8850442650154539 0.7915368619310449 0.6281489289723898 0.47443076366165254 0.3155019745855294 0.19462239169787435 0.12063615387577935 0.0793598079631933 0.05455917152412982 0.03757738539465129 0.031001822021998856 0.029359436161883332 0.027184218883956696 0.01936596306550818 0.011550842385049309 0.005564905215735737 0.0015135083384930558 0.001262415876523796 0.0023814147811406375 0.0031772164182593205 0.003308411483206076 0.0025322727528700453 3.822709210555687E-5 0.0 0.0 0.0 
0.0 0.0 0.0 0.0 0.0 0.0 0.0 0.0 8.649752088956088E-6 2.5541178266679604E-5 1.7829155371376558E-4 3.14567615901141E-4 0.0012957789947687691 0.003249663557863744 0.007228224289475112 0.014291436291991139 0.031189046543098554 0.059087058920861746 0.0939111767169205 0.13931027704776142 0.19427428948652803 0.25226288913453093 0.3210587926864068 0.39630522006709906 0.4913843334614916 0.55654104524646 0.6151874758802988 0.6701851927461603 0.6955343515493235 0.7036930937905036 0.691543428167943 0.6679611153789797 0.6805905908794433 0.7178158965771969 0.7476074626225998 0.8004880194864802 0.877488558361873 0.8752681030218754 0.828504027786098 0.7409634639814181 0.5877233096862287 0.439742568547937 0.29423876851739283 0.19247215070964172 0.12103013962231353 0.07965592311786401 0.054469210938939576 0.037781458658354174 0.029922067419869386 0.02770024584426094 0.02628420766912658 0.018745424630340648 0.010449186280134911 0.0048495438841670525 6.833300058892144E-4 7.304319178460688E-6 0.0 0.0 0.0 0.0 0.0 0.0 0.0 0.0 
0.0 0.0 0.0 0.0 0.0 0.0 0.0 0.0 0.0 2.581131183395807E-5 9.318919316236903E-5 2.1605484789035548E-4 0.0010836058180052877 0.0031844635625113567 0.007380983767573988 0.014918934653555628 0.032308364876756396 0.05998708245581475 0.09640186542016223 0.14167333771625568 0.19148190849739088 0.24928151088932524 0.32578903109797164 0.4005073191892268 0.46512707362056344 0.5287388526964116 0.5949535009338383 0.6316772527779179 0.6686887186715315 0.6812288305266063 0.6765165592394117 0.6773650826652355 0.6828249881058116 0.6824086876608304 0.7296171811157302 0.7649326313121929 0.7835147736128482 0.7802361313498896 0.7368703088582297 0.6626893898577413 0.5309736715529254 0.40999859483370843 0.28815763942469663 0.18350269739286493 0.11452093060055438 0.07548590260819175 0.050295077291261724 0.03506226361780845 0.029064902412669288 0.025302182127598594 0.023441215665508212 0.01591041766540462 0.009336797616790318 0.004102800059866991 4.569637911155859E-4 1.9881907878756926E-5 0.0 0.0 0.0 0.0 0.0 0.0 0.0 0.0 
0.0 0.0 0.0 0.0 0.0 0.0 0.0 0.0 0.0 5.44758670121086E-5 8.420076058823436E-5 2.0281019015418433E-4 5.094577098196417E-4 0.0029721573091715118 0.006404265820372809 0.014743462836418345 0.031325825993290576 0.06041168952678497 0.09948523959986098 0.14290824305942235 0.1947750849232326 0.2381747779901119 0.3096750605908195 0.3695446774163857 0.4385693590300826 0.500630663263985 0.560661291998666 0.6084449543723004 0.6520890405861521 0.6480562659644667 0.6686780622961175 0.6576119140162192 0.6867179695137297 0.681503541870251 0.7100902435831942 0.7245450100625366 0.7191332348411963 0.6810616409828245 0.628786776666952 0.5528387711529031 0.46576335331371715 0.37111965493304755 0.2660695062857614 0.17710893422563173 0.11154927772421096 0.07399005847408067 0.049292352872214194 0.03454943698210351 0.028618945173840383 0.02509027712766457 0.020333888449938674 0.014636232003423654 0.007589443495448903 0.003271518532285195 3.2078465011401043E-4 1.2812182951356081E-5 0.0 0.0 0.0 0.0 0.0 0.0 0.0 0.0 
0.0 0.0 0.0 0.0 0.0 0.0 0.0 0.0 0.0 3.0126814462794173E-5 8.824334639587422E-6 9.429893811802366E-5 4.108794537541668E-4 0.002698496982304763 0.0069087896062112655 0.013800317076658679 0.030958278161450355 0.05752693957070583 0.09704700402452213 0.13564262506865205 0.19333590524261107 0.22366262421119226 0.30639625035381374 0.3586316728685361 0.4167928925773476 0.48395307857956704 0.523293157192891 0.5826648584383453 0.6217944906252681 0.634989789359107 0.6560816891511738 0.6615446273958022 0.659174178698949 0.691877671093468 0.6883800490817132 0.690579111576593 0.6790487009952775 0.6335517241244859 0.6004167804821612 0.5188470233440845 0.4357131670339335 0.3419338481087812 0.2589947754035137 0.1689010253762259 0.11137997521901317 0.07318778101960066 0.049965286537207824 0.03569824233182566 0.029943182223340515 0.02512230858077365 0.01814116784726331 0.012087602786642084 0.005819952518870934 0.002602160314663091 2.0805637726166137E-4 0.0 0.0 0.0 0.0 0.0 0.0 0.0 0.0 0.0 
0.0 0.0 0.0 0.0 0.0 0.0 0.0 0.0 0.0 0.0 2.4300386216401133E-5 1.729346881272873E-5 3.276097138066626E-4 0.002426473799399713 0.005656547160659805 0.012638050553694269 0.03147898428961776 0.057105306826565165 0.09376614080067845 0.1319843000547921 0.18309525277427335 0.21836498352846956 0.2894582854660874 0.34231791892291236 0.39350328092621406 0.4494726393172874 0.48021631639927675 0.550387014939324 0.5866267035232023 0.6230718867284436 0.6501560475552811 0.6798796983681002 0.667070004332964 0.6761706986421315 0.6756922378320314 0.666274376373518 0.619280805201417 0.5568488102777766 0.5152976148208281 0.43569645613968605 0.37122692262602425 0.31135321858272885 0.23990989868455523 0.16280471815106246 0.11073940993670173 0.07030146125333193 0.047437357249940686 0.034473947916357675 0.0293247338092192 0.023240069764371964 0.015823145031691993 0.00938121651271608 0.004644387968525451 0.001385309432970065 7.472601618340488E-5 0.0 0.0 0.0 0.0 0.0 0.0 0.0 0.0 0.0 
0.0 0.0 0.0 0.0 0.0 0.0 0.0 0.0 0.0 0.0 3.042653591717351E-5 5.354323679541761E-5 2.478785045976103E-4 0.0019450839337168055 0.005320231013575582 0.010133040205753925 0.0282425276859696 0.05308233111488649 0.08892157408790619 0.13113519601467583 0.1664790219370915 0.219252523877419 0.27469383280965914 0.3207488691406113 0.3716319820369442 0.42615365970579805 0.4559290498109008 0.5178271310035931 0.553864516729517 0.6040530656388367 0.6263336435041782 0.6723779248507373 0.6614544137089786 0.684158607353194 0.6693172159425358 0.632583481860803 0.568778755169332 0.4778412683481634 0.4237625882360593 0.36430293465198715 0.3131322190275211 0.2734669116128765 0.21519790059738433 0.15579732002450145 0.10611596384864554 0.0686997050296115 0.0462951679929587 0.034217092572945924 0.030022697190387398 0.02352521832806964 0.01457762287839101 0.007601742442069853 0.002660722336346733 5.427196201482753E-4 2.4007291044336315E-5 0.0 0.0 0.0 0.0 0.0 0.0 0.0 0.0 0.0 
0.0 0.0 0.0 0.0 0.0 0.0 0.0 0.0 0.0 0.0 0.0 5.62257239402501E-5 2.4081225535456437E-4 0.0016489054421501927 0.004380453944067089 0.011417571358271159 0.027757277595414857 0.050324996738917264 0.08168659792318236 0.122732708430541 0.158001577745489 0.2093969063577811 0.2548029975348759 0.3054237152673943 0.349351661734078 0.38957587748809713 0.43179000630456077 0.476277965629524 0.5195737483105572 0.5744779460345877 0.6118129293231419 0.6416618898666722 0.6651463634106404 0.652886826348856 0.6195849350917628 0.5607582211261033 0.49646275807699364 0.405767714142403 0.34564285502814385 0.2969031201763188 0.2657426571565192 0.24295959288078067 0.20600847378781886 0.15475354699928473 0.10381470176886747 0.06893627930877526 0.04696836499856396 0.035238353081551425 0.03052260053341838 0.0229460593311345 0.013059478577738887 0.006102982617055985 0.0019384273034619667 1.4552807545150701E-4 1.6167511645014533E-5 0.0 0.0 0.0 0.0 0.0 0.0 0.0 0.0 0.0 
0.0 0.0 0.0 0.0 0.0 0.0 0.0 0.0 0.0 0.0 0.0 5.081862810249186E-5 1.3763435765534954E-4 0.001073323335556259 0.004115875106611961 0.01068656344604432 0.02735823927026002 0.05044123066449511 0.08092029493332559 0.11774237109710621 0.1499945334354342 0.18940845848199037 0.22767833750315988 0.2707777974761939 0.3175995477581958 0.35530194762446854 0.38400165234137396 0.4415728942292678 0.4885884690486588 0.5592412377848238 0.5917943899861577 0.6357159479336907 0.6528451471060995 0.6202762921277966 0.5784297179932172 0.5141907068991923 0.4297285901496067 0.3427110229218358 0.27843401642917576 0.2385012977147767 0.2222993903600925 0.2122522633943356 0.18962761343267123 0.14859485669578912 0.10284474297504556 0.06888997109612736 0.047779685684324835 0.03686526365689989 0.03185861613070132 0.023585570529677538 0.011659136659406495 0.004349134239684106 6.966214870995178E-4 1.5025240643372868E-5 0.0 0.0 0.0 0.0 0.0 0.0 0.0 0.0 0.0 0.0 
0.0 0.0 0.0 0.0 0.0 0.0 0.0 0.0 0.0 0.0 0.0 0.0 3.705986913099984E-5 0.001024880936270442 0.003592688873062742 0.00962801568078254 0.02440447154894285 0.04619676959907056 0.07732525459363558 0.11308878103018939 0.1440664245440519 0.1754741733732198 0.22317865705292733 0.24475030359166522 0.28606577474483896 0.32396181249267275 0.3471738677958256 0.4084025705029424 0.45064394292289467 0.5315305932759189 0.5693522663288069 0.6207706280996848 0.6530713420019116 0.6217112606033097 0.5682280584897065 0.4991129579792809 0.39594701565214746 0.30280611671200053 0.2369792362012974 0.20493055834452711 0.19670328862959882 0.18631242561198688 0.17069939919197927 0.14094735899774005 0.10231716965962838 0.07085260097783552 0.05043927456051817 0.039137221773995326 0.032744151882647725 0.021745280892326926 0.010189963976116673 0.0027387797747478442 1.1708965701686534E-4 0.0 0.0 0.0 0.0 0.0 0.0 0.0 0.0 0.0 0.0 0.0 
0.0 0.0 0.0 0.0 0.0 0.0 0.0 0.0 0.0 0.0 0.0 0.0 4.8609897365523064E-5 5.054224389805825E-4 0.0031967623628267046 0.008671606655269419 0.02282103966447837 0.04332043176421829 0.07256546257447799 0.10488434156711895 0.1343921616776664 0.16643697470082922 0.19142258408794627 0.22253119142336192 0.2691800919288578 0.2991106529865096 0.3274970876715288 0.3827558189060954 0.4276203041263236 0.5099873962120676 0.5504119594424771 0.584281672738723 0.62945156318202 0.5948682347944433 0.544788788659043 0.46505265942739954 0.3570353130388754 0.2696421721858463 0.2141277712450654 0.18503112141319084 0.17761461943645393 0.1674866068163291 0.16480872135214086 0.13497518124919078 0.10431572389425654 0.07326564932595224 0.054925989912783475 0.04318280331269969 0.0338730648745681 0.02009056043209451 0.008449814946146939 0.0019784586136462625 9.940481332965977E-6 0.0 0.0 0.0 0.0 0.0 0.0 0.0 0.0 0.0 0.0 0.0 
0.0 0.0 0.0 0.0 0.0 0.0 0.0 0.0 0.0 0.0 0.0 0.0 1.7501628268742048E-5 3.8949394864311695E-4 0.003021047176558941 0.007205736743004829 0.019593612277089247 0.03986605280300108 0.06861629920749429 0.09959408340137621 0.12751275293648928 0.16234833187612485 0.18873531241157715 0.21408417445618666 0.2493684410129354 0.27037834264597094 0.3044758063772322 0.3579004931058687 0.4133800442594384 0.4845475008871754 0.5360123836020368 0.5859715170411249 0.6104401548505194 0.5416669997663149 0.5028758731384111 0.4215343758339899 0.3235684279442703 0.24106237301092912 0.18730559739922692 0.16294510119869973 0.1566348682929766 0.15449161733599182 0.14956819288967654 0.1289844943953939 0.10537852723413497 0.07699118053534224 0.058607278129305475 0.048184201886870386 0.03614453908191404 0.020025181651531762 0.007468361757692501 9.470501944795719E-4 3.36933811434557E-7 0.0 0.0 0.0 0.0 0.0 0.0 0.0 0.0 0.0 0.0 0.0 
0.0 0.0 0.0 0.0 0.0 0.0 0.0 0.0 0.0 0.0 0.0 0.0 8.844154808098461E-6 2.624090783485651E-4 0.002192310413251834 0.006492448965775321 0.016758583382796385 0.03586663938183378 0.06340462702681499 0.09118618764546658 0.11792512436293834 0.14711482668622464 0.17047597167928366 0.19477654620545537 0.21772952908292795 0.24712460401172393 0.27376825078849454 0.317490288172587 0.3694478041686108 0.4465499341156824 0.513125926009932 0.5599527987653808 0.58935114520919 0.5354603337128464 0.4840509967747425 0.4016215893547479 0.30794662462372835 0.22923821997670932 0.17755256439465544 0.15434559534976922 0.14809445909820662 0.14596907668640802 0.1476933726738824 0.13285736781121762 0.10975365864010339 0.08356972028799906 0.06424876380128065 0.05030805785655883 0.035434184892847796 0.01775682348477311 0.006284482411620166 3.7468211192018746E-4 0.0 0.0 0.0 0.0 0.0 0.0 0.0 0.0 0.0 0.0 0.0 0.0 
0.0 0.0 0.0 0.0 0.0 0.0 0.0 0.0 0.0 0.0 0.0 0.0 3.9214982682352694E-5 1.3552993778355064E-4 0.0021424030785441184 0.0058127514603356824 0.015263373779012471 0.03468219701334798 0.06040389098371629 0.08559668172195993 0.10853321550545217 0.1389226245316033 0.15395143760995672 0.17632250405848873 0.20646279001977857 0.2341298094672694 0.2609196298156759 0.2913086352136134 0.334264731352067 0.40359013850293457 0.46080790160010937 0.5208360391301883 0.5249853008578115 0.4844079721350913 0.431085227027323 0.36619389609664293 0.28522874428519607 0.21849383978975526 0.17898393563893208 0.159608670491795 0.14826249537665315 0.14704518963313284 0.14571821950339486 0.13366266038053679 0.11489595012898493 0.08833311414554312 0.06864008803573071 0.05327171912828976 0.036241147878047844 0.01694571863131385 0.005411276687082546 5.068643986914386E-4 0.0 0.0 0.0 0.0 0.0 0.0 0.0 0.0 0.0 0.0 0.0 0.0 
0.0 0.0 0.0 0.0 0.0 0.0 0.0 0.0 0.0 0.0 0.0 0.0 0.0 9.073302026972496E-5 0.0014062393149113037 0.004904731622975207 0.01259135884492559 0.03075400285398085 0.05546917118245286 0.07855530953389561 0.10278866052867905 0.1262529990599202 0.1464157872212299 0.17113898434270403 0.19331401270177911 0.20671288418373304 0.24023469876459877 0.27375931384323543 0.3138785356199156 0.3793260333409981 0.4216574606498802 0.48408919129536276 0.48104694501194556 0.44681916048621595 0.39871367137662334 0.33900723215249273 0.2670850140458172 0.21179914935545607 0.17591993626856273 0.15440356436318517 0.14853243260519833 0.14772179022720403 0.14643014456207787 0.1415777917060008 0.12397930850274165 0.0972255188082641 0.07597243369546275 0.05630884627193068 0.03661640933041177 0.015497684678789364 0.004467527800431595 1.768335339155798E-4 0.0 0.0 0.0 0.0 0.0 0.0 0.0 0.0 0.0 0.0 0.0 0.0 
0.0 0.0 0.0 0.0 0.0 0.0 0.0 0.0 0.0 0.0 0.0 0.0 0.0 7.653126190227594E-5 5.365826340602473E-4 0.003853716877382813 0.010022952083631536 0.025146324247887212 0.047784456946322364 0.06937465456460129 0.08965043409686749 0.1149563103608151 0.13219812182610602 0.1495552264023275 0.1724391795582014 0.19192406088652822 0.2247431104640934 0.25409159028194545 0.29263808607615427 0.33949935822141436 0.38094658874886156 0.4394111071235921 0.42858846776962867 0.40239195712704956 0.3446916127800553 0.30094146973129365 0.24284485172011724 0.19964016971114298 0.16915408589222916 0.1529479767528575 0.14584086100389598 0.14471277763533807 0.14480336303331795 0.1465630367164496 0.13203044272557038 0.10766366153936381 0.08445285303610202 0.06169527596557687 0.03778874489580641 0.015554653244703984 0.004293502234937841 7.037904072703104E-5 0.0 0.0 0.0 0.0 0.0 0.0 0.0 0.0 0.0 0.0 0.0 0.0 
0.0 0.0 0.0 0.0 0.0 0.0 0.0 0.0 0.0 0.0 0.0 0.0 0.0 1.795892215379972E-5 4.5566184374155145E-4 0.0028095695609770366 0.008043675315987419 0.02153530702089154 0.04043377540361948 0.06226062812703506 0.07858019842013683 0.09836681708075293 0.11699146568674282 0.1374618299005802 0.15847440551509728 0.17476536900570847 0.20683485327065654 0.23880516868754964 0.27895484768434775 0.31757362608676304 0.35641750910479647 0.40054410995950857 0.3795852003535695 0.3665142469621203 0.31353327557153793 0.26745248978470876 0.22430233799812163 0.18860651357301494 0.1644139590406812 0.15213809608111226 0.14366347602688959 0.13914559737559992 0.13665571711808547 0.14299305009825589 0.13552046259838813 0.11323954628954128 0.08632885794248911 0.06210393403152387 0.03637988171351391 0.013821202166808398 0.0031695303285395014 1.4776183013207142E-4 0.0 0.0 0.0 0.0 0.0 0.0 0.0 0.0 0.0 0.0 0.0 0.0 
0.0 0.0 0.0 0.0 0.0 0.0 0.0 0.0 0.0 0.0 0.0 0.0 0.0 3.899386154492716E-5 9.774364765903907E-5 0.0018099013328884864 0.006318083566652074 0.01724966627382031 0.0333471936468218 0.054091470697688486 0.06953488445596505 0.08876146121468008 0.10548980050388235 0.12651820199037986 0.14698939430115945 0.1614304059106798 0.19356279843008703 0.22456624080273047 0.26194747107027017 0.2950636190114535 0.3272933714176295 0.3584388341989424 0.3522954037664062 0.3344635443080104 0.28710246222662167 0.24703789085107522 0.21695850569525246 0.18859784733362384 0.1677719710864122 0.15899215160854596 0.14821110047066655 0.14627375610155746 0.14546913170570777 0.15097746564896894 0.14348984285410585 0.12051542030355117 0.0911947293977246 0.06366316934980427 0.03373132744480043 0.011311103722648897 0.0023668537689664638 4.102735666621856E-5 0.0 0.0 0.0 0.0 0.0 0.0 0.0 0.0 0.0 0.0 0.0 0.0 
0.0 0.0 0.0 0.0 0.0 0.0 0.0 0.0 0.0 0.0 0.0 0.0 0.0 0.0 4.8290340974797774E-5 0.0012422761197593752 0.0053676077302184716 0.013128740365289247 0.027369874144213466 0.046542154428750294 0.06193660976548808 0.07783040332415977 0.09495741571769649 0.10922399478143442 0.13111636256655673 0.147077133868578 0.18027950294896666 0.20312831917193996 0.24410769262441798 0.2697070399336807 0.2930699457085805 0.32063744976262076 0.30984113684542086 0.29516584834221454 0.2565995153366733 0.21873897609087475 0.1986402412407403 0.17405768548352568 0.15895513278480475 0.15410456759108346 0.1444645043750488 0.14584963354210542 0.1465681319879001 0.15477879978151696 0.1475249948917768 0.12449549364809069 0.09350503873906295 0.06362265428090935 0.032441214333606035 0.010894275302800112 0.0021085451218499497 2.7960821451378595E-5 0.0 0.0 0.0 0.0 0.0 0.0 0.0 0.0 0.0 0.0 0.0 0.0 
0.0 0.0 0.0 0.0 0.0 0.0 0.0 0.0 0.0 0.0 0.0 0.0 0.0 0.0 1.615030068909641E-6 6.796465018781404E-4 0.004067059922424338 0.010631349314172322 0.02401505644408677 0.040057798181230876 0.053121796912328725 0.06740715641949817 0.083631969868312 0.09618030148964371 0.12112400788602024 0.1396885129801154 0.16670995177508147 0.190541689181522 0.2334742015398056 0.2511096509493397 0.2813281012763352 0.28571423240709337 0.2614805400522304 0.26366083608066443 0.2376526798958819 0.20582536809936824 0.18961412511837533 0.17179041675811796 0.1550221625065704 0.1459647120754832 0.13425312130180883 0.13277165128105048 0.14642207789780382 0.15224513729167782 0.1471507272580899 0.12362429824083897 0.08952025198482852 0.056168475245361824 0.027406600754953842 0.009108316724083175 0.0017893447516979266 8.052687546829056E-6 0.0 0.0 0.0 0.0 0.0 0.0 0.0 0.0 0.0 0.0 0.0 0.0 
0.0 0.0 0.0 0.0 0.0 0.0 0.0 0.0 0.0 0.0 0.0 0.0 0.0 0.0 0.0 3.735645680801226E-4 0.0026450065016892137 0.008363765811644292 0.019224403686470104 0.033367571714404305 0.046513580596022785 0.061804552918888284 0.07958555026146798 0.09393366254135456 0.11406807228488053 0.13094345353935685 0.15377336673498326 0.1797227143538745 0.21562597710906584 0.2304995929509986 0.24967840736485414 0.2586763320645494 0.2509518231223484 0.24720812189719357 0.22952426217242158 0.20804373856936917 0.19730745483879433 0.18590934258494807 0.16790314337730725 0.15751260187623187 0.14262728987861606 0.13395469756304565 0.1444801528011807 0.15397858910426454 0.14398767379446237 0.12164554703222201 0.08676260507221494 0.05184584431242273 0.02241923132294345 0.007192060807105474 9.617603441995901E-4 2.367395824896443E-4 0.0 0.0 0.0 0.0 0.0 0.0 0.0 0.0 0.0 0.0 0.0 0.0 
0.0 0.0 0.0 0.0 0.0 0.0 0.0 0.0 0.0 0.0 0.0 0.0 0.0 0.0 0.0 7.525559102421379E-5 0.001367343462637546 0.005882358925843425 0.013519072673672815 0.027095191288078295 0.03951253891848716 0.052480519986074094 0.07013909456236968 0.08476908278937292 0.10035174074630746 0.12060558660563138 0.14012313447954244 0.1622857441205054 0.1876715566508705 0.20551816731125822 0.21625637479146068 0.2207445407246153 0.21418880775869964 0.21003757842958368 0.20504040285279232 0.197555330342289 0.1935755653441772 0.1860411808526155 0.17346194856705954 0.1685093028179732 0.1534631038915127 0.14485260214170206 0.14951776378530549 0.15464628378525042 0.14182785098461834 0.1204045567832249 0.08379695496073544 0.04926360731279285 0.020748445325576563 0.005811097194936379 2.0898854735250199E-4 1.9107596558530424E-5 0.0 0.0 0.0 0.0 0.0 0.0 0.0 0.0 0.0 0.0 0.0 0.0 
0.0 0.0 0.0 0.0 0.0 0.0 0.0 0.0 0.0 0.0 0.0 0.0 0.0 0.0 0.0 8.612053797428321E-5 7.471722084202824E-4 0.0043646649565958935 0.010198276288410182 0.020833743320825025 0.03188735155120917 0.04610607970210567 0.06185805655083596 0.07444473814386274 0.09597972967878654 0.11792089501519594 0.13321325809516243 0.15428357225193634 0.17376387209108057 0.1840766341103397 0.1800188921863342 0.18469875766964 0.1645712826108922 0.16328889102334765 0.16787687894975026 0.1727809295276354 0.17481112894428402 0.17504561774768052 0.16500684587877887 0.15769261490824554 0.14805751629404917 0.1456813879319434 0.14809578567249704 0.1518987697023672 0.13431715497786623 0.11111907061123821 0.07540339486363797 0.041821818742867174 0.015995640178932676 0.004644959566886609 5.123779151609404E-4 6.842045808033846E-5 0.0 0.0 0.0 0.0 0.0 0.0 0.0 0.0 0.0 0.0 0.0 0.0 
0.0 0.0 0.0 0.0 0.0 0.0 0.0 0.0 0.0 0.0 0.0 0.0 0.0 0.0 0.0 1.3678938260387577E-5 5.462471148391034E-4 0.003408399242589663 0.007990973943833485 0.015621785792830202 0.026470245050694972 0.03836936434614373 0.050749565001558646 0.07216034047514219 0.08517338634434135 0.10963952549186559 0.12701504195060398 0.1485622948276455 0.17015489832128147 0.17487390976201567 0.17600617124711607 0.1703517255476802 0.16036107865708887 0.15756585311701954 0.15563742253961302 0.16068083278114767 0.16498411631304244 0.1676190114269825 0.15343091409082615 0.14670587300066817 0.13683432440187676 0.1333382492494827 0.1425167332420387 0.1404068681401081 0.1274142272235145 0.09749883720616945 0.06281625245562701 0.033262262384853 0.012353819935855178 0.0032546507437637333 1.8130987815110088E-4 1.4978979315791668E-5 0.0 0.0 0.0 0.0 0.0 0.0 0.0 0.0 0.0 0.0 0.0 0.0 
0.0 0.0 0.0 0.0 0.0 0.0 0.0 0.0 0.0 0.0 0.0 0.0 0.0 0.0 0.0 0.0 1.7754273083706116E-4 0.002559146407214187 0.006447161343200993 0.012723255799621606 0.02158033963749109 0.03212074282826698 0.046146562431499595 0.05774772729937399 0.07126650770658019 0.09155809398419315 0.10862434270776572 0.13350057740322432 0.15293858376226258 0.16150390464151465 0.16599361590225725 0.16432357958993415 0.16572004826454964 0.16390926524056332 0.1646096841576545 0.17031321441151942 0.17411066728431918 0.17204867605502047 0.1574077200782555 0.150036093123567 0.14208212710279616 0.14018501537119382 0.14199520056512077 0.13451625059924888 0.11979001851100726 0.08835833503582156 0.054892736084650444 0.027114322716895494 0.009194002228441215 0.0018961687200531624 3.904882926137736E-5 7.63909789931504E-7 0.0 0.0 0.0 0.0 0.0 0.0 0.0 0.0 0.0 0.0 0.0 0.0 
0.0 0.0 0.0 0.0 0.0 0.0 0.0 0.0 0.0 0.0 0.0 0.0 0.0 0.0 0.0 0.0 1.1452952755711373E-4 0.001335780987438939 0.0047987884211654975 0.009712311476609418 0.01581560352161514 0.02956290790102911 0.04216342002527233 0.05380794059320331 0.06832265643319957 0.08538090611667958 0.0985706122437099 0.12122656683944012 0.13413102163843438 0.13553677928759764 0.13235489109007847 0.13326372021240598 0.1361499999301764 0.14862112218288176 0.15634571928249694 0.1643761971623246 0.17192658051343568 0.17077396847625936 0.1645411988995357 0.15843035102549927 0.14899673889359577 0.15023052950374882 0.1430070487082843 0.1326173888754379 0.110635814043404 0.08106759308867083 0.04888209868902882 0.02288996709695274 0.007228305819570921 0.001396693917503865 2.1937896902939346E-8 0.0 0.0 0.0 0.0 0.0 0.0 0.0 0.0 0.0 0.0 0.0 0.0 0.0 
0.0 0.0 0.0 0.0 0.0 0.0 0.0 0.0 0.0 0.0 0.0 0.0 0.0 0.0 0.0 0.0 1.31156518023958E-4 4.5443897894991277E-4 0.002863114370257364 0.007148632286136938 0.012335397613968742 0.023259193417206916 0.0350225527495823 0.052172297361156396 0.06979479557309383 0.08661526478702901 0.10101678021125664 0.11978513949174374 0.12942300210532406 0.1305932900624026 0.12407647121897225 0.11694003218232021 0.11047691860830888 0.12183215012829507 0.13193265672128493 0.1430440163849874 0.1520121165332157 0.1533337815095685 0.15391061421830346 0.14789655492021342 0.1445665626041085 0.1462362956038819 0.13087133639008888 0.11153595780921088 0.09003088988982874 0.06539068804537845 0.037973305591338075 0.016447003773994228 0.005288458688685608 5.59569245664026E-4 1.856370572620977E-6 0.0 0.0 0.0 0.0 0.0 0.0 0.0 0.0 0.0 0.0 0.0 0.0 0.0 
0.0 0.0 0.0 0.0 0.0 0.0 0.0 0.0 0.0 0.0 0.0 0.0 0.0 0.0 0.0 0.0 3.311117410020278E-5 9.266591973802631E-5 9.971688593036537E-4 0.0034004986914593837 0.007030312557917979 0.014961693230993958 0.027707155055312495 0.04362836879666203 0.06062850193457982 0.07659748000642921 0.09664923946620417 0.11287185724523523 0.12359370310894788 0.1260810940018279 0.12551015387438189 0.12122105011283203 0.11936374408337741 0.12204632253764193 0.12756060119499185 0.13642097505613873 0.14419301768062795 0.14369008469117736 0.14166823879339568 0.13979146327643868 0.13266643443194373 0.12517973604352362 0.11051271016108934 0.08997701175583045 0.06848801249612393 0.046024303372734277 0.025036162732640845 0.010205436958519273 0.0029527270628457976 9.23251443708602E-5 3.483535295740452E-5 0.0 0.0 0.0 0.0 0.0 0.0 0.0 0.0 0.0 0.0 0.0 0.0 0.0 
0.0 0.0 0.0 0.0 0.0 0.0 0.0 0.0 0.0 0.0 0.0 0.0 0.0 0.0 0.0 0.0 0.0 0.0 0.0 0.0 0.0 0.0 0.0 7.473276819075398E-4 0.007490856320630658 0.017281101641690548 0.03220840832821538 0.048250185263640735 0.06357927518668989 0.07770932830610462 0.08690453150976174 0.099782503900337 0.10835601345773997 0.12096291511882061 0.1300568300310699 0.14065424665469323 0.14561326987256043 0.14536453457645107 0.14214409483110596 0.13928352772646654 0.13250827312387214 0.12090416979704124 0.10294882186176721 0.07480678504141784 0.05359277760688439 0.03311442286958817 0.01581327386707784 0.005963376884152197 0.001215654201751924 2.2403932329369807E-5 0.0 0.0 0.0 0.0 0.0 0.0 0.0 0.0 0.0 0.0 0.0 0.0 0.0 0.0 
